-0.0056	9.5000e+00	2.1794e+00
-0.0048	9.5000e+00	2.1794e+00
-0.0040	9.0000e+00	2.1213e+00
-0.0032	1.2000e+01	2.4495e+00
-0.0023	1.5000e+01	2.7386e+00
-0.0015	1.9000e+01	3.0822e+00
-0.0007	1.4500e+01	2.6926e+00
0.0001	1.6000e+01	2.8284e+00
0.0009	1.3000e+01	2.5495e+00
0.0017	2.9000e+01	3.8079e+00
0.0026	1.6200e+03	2.8460e+01
0.0034	3.1891e+04	1.2628e+02
0.0042	3.4578e+04	1.3149e+02
0.0050	3.0906e+04	1.2431e+02
0.0058	2.2328e+04	1.0566e+02
0.0066	1.7978e+04	9.4810e+01
0.0075	1.4237e+04	8.4371e+01
0.0083	1.0352e+04	7.1946e+01
0.0091	6.3955e+03	5.6549e+01
0.0099	4.1720e+03	4.5673e+01
0.0107	3.1390e+03	3.9617e+01
0.0115	2.4310e+03	3.4864e+01
0.0124	1.9910e+03	3.1552e+01
0.0132	1.6250e+03	2.8504e+01
0.0140	1.4485e+03	2.6912e+01
0.0148	1.3115e+03	2.5608e+01
0.0156	1.1935e+03	2.4428e+01
0.0164	1.1485e+03	2.3964e+01
0.0173	1.1275e+03	2.3743e+01
0.0181	1.0515e+03	2.2929e+01
0.0189	9.4500e+02	2.1737e+01
0.0197	8.8950e+02	2.1089e+01
0.0205	8.5350e+02	2.0658e+01
0.0214	7.9250e+02	1.9906e+01
0.0222	7.4050e+02	1.9242e+01
0.0230	6.7750e+02	1.8405e+01
0.0238	6.6050e+02	1.8173e+01
0.0246	6.8700e+02	1.8534e+01
0.0254	6.5450e+02	1.8090e+01
0.0263	6.2150e+02	1.7628e+01
0.0271	5.8150e+02	1.7051e+01
0.0279	5.8900e+02	1.7161e+01
0.0287	5.6500e+02	1.6808e+01
0.0295	5.6500e+02	1.6808e+01
0.0303	5.3350e+02	1.6332e+01
0.0312	4.9600e+02	1.5748e+01
0.0320	5.1500e+02	1.6047e+01
0.0328	5.0000e+02	1.5811e+01
0.0336	5.0050e+02	1.5819e+01
0.0344	4.2900e+02	1.4646e+01
0.0352	4.3650e+02	1.4773e+01
0.0361	4.2800e+02	1.4629e+01
0.0369	4.0300e+02	1.4195e+01
0.0377	3.8300e+02	1.3838e+01
0.0385	4.0500e+02	1.4230e+01
0.0393	3.8100e+02	1.3802e+01
0.0401	3.9650e+02	1.4080e+01
0.0410	3.5750e+02	1.3370e+01
0.0418	3.2400e+02	1.2728e+01
0.0426	3.3650e+02	1.2971e+01
0.0434	3.2500e+02	1.2748e+01
0.0442	3.2450e+02	1.2738e+01
0.0450	3.0950e+02	1.2440e+01
0.0459	3.1250e+02	1.2500e+01
0.0467	3.0100e+02	1.2268e+01
0.0475	3.0300e+02	1.2309e+01
0.0483	2.9600e+02	1.2166e+01
0.0491	2.7500e+02	1.1726e+01
0.0499	2.5500e+02	1.1292e+01
0.0508	2.5800e+02	1.1358e+01
0.0516	2.4600e+02	1.1091e+01
0.0524	2.4550e+02	1.1079e+01
0.0532	2.4550e+02	1.1079e+01
0.0540	2.3900e+02	1.0932e+01
0.0548	2.2200e+02	1.0536e+01
0.0557	2.2900e+02	1.0700e+01
0.0565	2.3700e+02	1.0886e+01
0.0573	2.0200e+02	1.0050e+01
0.0581	1.9650e+02	9.9121e+00
0.0589	2.0200e+02	1.0050e+01
0.0597	1.9250e+02	9.8107e+00
0.0606	1.7850e+02	9.4472e+00
0.0614	1.6250e+02	9.0139e+00
0.0622	1.7550e+02	9.3675e+00
0.0630	1.5500e+02	8.8034e+00
0.0638	1.5900e+02	8.9163e+00
0.0646	1.6550e+02	9.0967e+00
0.0655	1.5550e+02	8.8176e+00
0.0663	1.5450e+02	8.7892e+00
0.0671	1.4750e+02	8.5878e+00
0.0679	1.4950e+02	8.6458e+00
0.0687	1.2200e+02	7.8102e+00
0.0695	1.3450e+02	8.2006e+00
0.0704	1.2450e+02	7.8899e+00
0.0712	1.2850e+02	8.0156e+00
0.0720	9.6000e+01	6.9282e+00
0.0728	1.0050e+02	7.0887e+00
0.0736	8.7500e+01	6.6144e+00
0.0744	8.2500e+01	6.4226e+00
0.0753	1.0250e+02	7.1589e+00
0.0761	8.1000e+01	6.3640e+00
0.0769	7.5000e+01	6.1237e+00
0.0777	7.8000e+01	6.2450e+00
0.0785	8.0000e+01	6.3246e+00
0.0794	6.3500e+01	5.6347e+00
0.0802	6.0500e+01	5.5000e+00
0.0810	6.9000e+01	5.8737e+00
0.0818	5.1000e+01	5.0498e+00
0.0826	5.2000e+01	5.0990e+00
0.0834	5.9500e+01	5.4544e+00
0.0843	5.1000e+01	5.0498e+00
0.0851	5.4000e+01	5.1962e+00
0.0859	4.7000e+01	4.8477e+00
0.0867	5.0500e+01	5.0249e+00
0.0875	4.5500e+01	4.7697e+00
0.0883	4.7500e+01	4.8734e+00
0.0892	4.8500e+01	4.9244e+00
0.0900	4.4000e+01	4.6904e+00
0.0908	4.5500e+01	4.7697e+00
0.0916	3.6500e+01	4.2720e+00
0.0924	4.3000e+01	4.6368e+00
0.0932	3.6500e+01	4.2720e+00
0.0941	3.7000e+01	4.3012e+00
0.0949	3.3000e+01	4.0620e+00
0.0957	3.1000e+01	3.9370e+00
0.0965	3.0000e+01	3.8730e+00
0.0973	3.9500e+01	4.4441e+00
0.0981	3.7500e+01	4.3301e+00
0.0990	4.1000e+01	4.5277e+00
0.0998	2.4000e+01	3.4641e+00
0.1006	3.1000e+01	3.9370e+00
0.1014	3.8500e+01	4.3875e+00
0.1022	3.4000e+01	4.1231e+00
0.1030	3.2500e+01	4.0311e+00
0.1039	4.0000e+01	4.4721e+00
0.1047	2.8000e+01	3.7417e+00
0.1055	2.6500e+01	3.6401e+00
0.1063	3.8500e+01	4.3875e+00
0.1071	3.3000e+01	4.0620e+00
0.1079	3.9000e+01	4.4159e+00
0.1088	3.6000e+01	4.2426e+00
0.1096	3.9500e+01	4.4441e+00
0.1104	3.3000e+01	4.0620e+00
0.1112	4.0000e+01	4.4721e+00
0.1120	3.3000e+01	4.0620e+00
0.1128	2.9000e+01	3.8079e+00
0.1137	2.7500e+01	3.7081e+00
0.1145	2.7500e+01	3.7081e+00
0.1153	2.7500e+01	3.7081e+00
0.1161	2.4000e+01	3.4641e+00
0.1169	2.7000e+01	3.6742e+00
0.1177	3.0500e+01	3.9051e+00
0.1186	1.7500e+01	2.9580e+00
0.1194	6.0000e+00	1.7321e+00
0.1202	5.0000e-01	5.0000e-01
0.1210	1.0000e+00	7.0711e-01
0.1218	5.0000e-01	5.0000e-01
0.1226	5.0000e-01	5.0000e-01
0.1235	5.0000e-01	5.0000e-01
0.1243	1.0000e+00	7.0711e-01
0.1251	0.0000e+00	0.0000e+00
0.1259	1.0000e+00	7.0711e-01
0.1267	0.0000e+00	0.0000e+00
0.1275	5.0000e-01	5.0000e-01
0.1284	5.0000e-01	5.0000e-01
0.1292	5.0000e-01	5.0000e-01
0.1300	5.0000e-01	5.0000e-01
0.1308	0.0000e+00	0.0000e+00
0.1316	5.0000e-01	5.0000e-01
0.1324	5.0000e-01	5.0000e-01
0.1333	1.5000e+00	8.6603e-01
0.1341	0.0000e+00	0.0000e+00
0.1349	1.5000e+00	8.6603e-01
0.1357	0.0000e+00	0.0000e+00
0.1365	0.0000e+00	0.0000e+00
0.1373	0.0000e+00	0.0000e+00
0.1382	1.0000e+00	7.0711e-01
0.1390	1.5000e+00	8.6603e-01
0.1398	1.0000e+00	7.0711e-01
0.1406	5.0000e-01	5.0000e-01
0.1414	5.0000e-01	5.0000e-01
0.1422	0.0000e+00	0.0000e+00
0.1431	5.0000e-01	5.0000e-01
0.1439	0.0000e+00	0.0000e+00
0.1447	0.0000e+00	0.0000e+00
0.1455	5.0000e-01	5.0000e-01
0.1463	1.0000e+00	7.0711e-01
0.1471	5.0000e-01	5.0000e-01
0.1480	1.0000e+00	7.0711e-01
0.1488	0.0000e+00	0.0000e+00
0.1496	1.0000e+00	7.0711e-01
0.1504	5.0000e-01	5.0000e-01
0.1512	1.0000e+00	7.0711e-01
0.1520	0.0000e+00	0.0000e+00
0.1529	0.0000e+00	0.0000e+00
