-0.0056	7.5000e+00	1.9365e+00
-0.0048	1.0000e+01	2.2361e+00
-0.0040	1.0500e+01	2.2913e+00
-0.0032	1.0500e+01	2.2913e+00
-0.0023	9.0000e+00	2.1213e+00
-0.0015	1.1000e+01	2.3452e+00
-0.0007	1.3000e+01	2.5495e+00
0.0001	1.2500e+01	2.5000e+00
0.0009	1.6500e+01	2.8723e+00
0.0017	2.1000e+01	3.2404e+00
0.0026	5.5450e+02	1.6651e+01
0.0034	1.7014e+04	9.2232e+01
0.0042	1.8707e+04	9.6713e+01
0.0050	1.6042e+04	8.9561e+01
0.0058	1.1435e+04	7.5614e+01
0.0066	8.0685e+03	6.3516e+01
0.0075	4.7590e+03	4.8780e+01
0.0083	3.0345e+03	3.8952e+01
0.0091	2.3145e+03	3.4018e+01
0.0099	1.7640e+03	2.9698e+01
0.0107	1.3480e+03	2.5962e+01
0.0115	1.2585e+03	2.5085e+01
0.0124	1.3040e+03	2.5534e+01
0.0132	1.3495e+03	2.5976e+01
0.0140	1.5970e+03	2.8258e+01
0.0148	2.1350e+03	3.2673e+01
0.0156	3.1460e+03	3.9661e+01
0.0164	4.7120e+03	4.8539e+01
0.0173	5.6790e+03	5.3287e+01
0.0181	5.1605e+03	5.0796e+01
0.0189	3.7665e+03	4.3396e+01
0.0197	2.6835e+03	3.6630e+01
0.0205	2.1735e+03	3.2966e+01
0.0214	1.6945e+03	2.9108e+01
0.0222	1.4740e+03	2.7148e+01
0.0230	1.3370e+03	2.5855e+01
0.0238	1.2730e+03	2.5229e+01
0.0246	1.2150e+03	2.4648e+01
0.0254	1.2310e+03	2.4809e+01
0.0263	1.2290e+03	2.4789e+01
0.0271	1.3430e+03	2.5913e+01
0.0279	1.4300e+03	2.6739e+01
0.0287	1.4415e+03	2.6847e+01
0.0295	1.6640e+03	2.8844e+01
0.0303	1.7610e+03	2.9673e+01
0.0312	1.8525e+03	3.0434e+01
0.0320	1.9625e+03	3.1325e+01
0.0328	1.9800e+03	3.1464e+01
0.0336	1.9420e+03	3.1161e+01
0.0344	1.9095e+03	3.0899e+01
0.0352	1.7080e+03	2.9223e+01
0.0361	1.5585e+03	2.7915e+01
0.0369	1.3900e+03	2.6363e+01
0.0377	1.2175e+03	2.4673e+01
0.0385	1.1235e+03	2.3701e+01
0.0393	1.0200e+03	2.2583e+01
0.0401	9.9200e+02	2.2271e+01
0.0410	9.2050e+02	2.1453e+01
0.0418	9.2200e+02	2.1471e+01
0.0426	9.0150e+02	2.1231e+01
0.0434	8.8500e+02	2.1036e+01
0.0442	9.1750e+02	2.1418e+01
0.0450	9.0000e+02	2.1213e+01
0.0459	9.3350e+02	2.1604e+01
0.0467	9.3200e+02	2.1587e+01
0.0475	9.3900e+02	2.1668e+01
0.0483	9.6600e+02	2.1977e+01
0.0491	9.5450e+02	2.1846e+01
0.0499	9.2650e+02	2.1523e+01
0.0508	8.9250e+02	2.1125e+01
0.0516	8.3200e+02	2.0396e+01
0.0524	7.9100e+02	1.9887e+01
0.0532	7.4250e+02	1.9268e+01
0.0540	6.8500e+02	1.8507e+01
0.0548	6.0300e+02	1.7364e+01
0.0557	5.6050e+02	1.6741e+01
0.0565	5.4700e+02	1.6538e+01
0.0573	5.1500e+02	1.6047e+01
0.0581	5.1400e+02	1.6031e+01
0.0589	4.6000e+02	1.5166e+01
0.0597	4.7850e+02	1.5468e+01
0.0606	4.1950e+02	1.4483e+01
0.0614	4.2750e+02	1.4620e+01
0.0622	4.0650e+02	1.4257e+01
0.0630	3.6500e+02	1.3509e+01
0.0638	4.0000e+02	1.4142e+01
0.0646	4.2300e+02	1.4543e+01
0.0655	3.9800e+02	1.4107e+01
0.0663	3.5200e+02	1.3266e+01
0.0671	3.5100e+02	1.3248e+01
0.0679	3.1150e+02	1.2480e+01
0.0687	3.0350e+02	1.2319e+01
0.0695	2.8300e+02	1.1895e+01
0.0704	2.8400e+02	1.1916e+01
0.0712	2.3800e+02	1.0909e+01
0.0720	2.0650e+02	1.0161e+01
0.0728	1.9800e+02	9.9499e+00
0.0736	1.8550e+02	9.6307e+00
0.0744	1.8350e+02	9.5786e+00
0.0753	1.6950e+02	9.2060e+00
0.0761	1.4950e+02	8.6458e+00
0.0769	1.5450e+02	8.7892e+00
0.0777	1.3600e+02	8.2462e+00
0.0785	1.4100e+02	8.3964e+00
0.0794	1.4500e+02	8.5147e+00
0.0802	1.2250e+02	7.8262e+00
0.0810	1.0800e+02	7.3485e+00
0.0818	1.0900e+02	7.3824e+00
0.0826	9.4500e+01	6.8739e+00
0.0834	9.5500e+01	6.9101e+00
0.0843	9.4000e+01	6.8557e+00
0.0851	6.6500e+01	5.7663e+00
0.0859	6.8500e+01	5.8523e+00
0.0867	7.1000e+01	5.9582e+00
0.0875	7.4000e+01	6.0828e+00
0.0883	7.0000e+01	5.9161e+00
0.0892	6.7000e+01	5.7879e+00
0.0900	6.0500e+01	5.5000e+00
0.0908	6.2500e+01	5.5902e+00
0.0916	4.9000e+01	4.9497e+00
0.0924	5.4500e+01	5.2202e+00
0.0932	5.0500e+01	5.0249e+00
0.0941	5.6000e+01	5.2915e+00
0.0949	5.1000e+01	5.0498e+00
0.0957	4.3500e+01	4.6637e+00
0.0965	4.5500e+01	4.7697e+00
0.0973	5.1500e+01	5.0744e+00
0.0981	4.9000e+01	4.9497e+00
0.0990	4.1000e+01	4.5277e+00
0.0998	4.8000e+01	4.8990e+00
0.1006	4.2000e+01	4.5826e+00
0.1014	4.1000e+01	4.5277e+00
0.1022	4.6500e+01	4.8218e+00
0.1030	4.2500e+01	4.6098e+00
0.1039	5.2500e+01	5.1235e+00
0.1047	4.4500e+01	4.7170e+00
0.1055	4.7000e+01	4.8477e+00
0.1063	4.7500e+01	4.8734e+00
0.1071	4.8000e+01	4.8990e+00
0.1079	4.5500e+01	4.7697e+00
0.1088	4.7500e+01	4.8734e+00
0.1096	4.5000e+01	4.7434e+00
0.1104	4.7000e+01	4.8477e+00
0.1112	5.1000e+01	5.0498e+00
0.1120	3.9000e+01	4.4159e+00
0.1128	4.4000e+01	4.6904e+00
0.1137	3.7500e+01	4.3301e+00
0.1145	2.9500e+01	3.8406e+00
0.1153	3.0500e+01	3.9051e+00
0.1161	3.0500e+01	3.9051e+00
0.1169	2.9000e+01	3.8079e+00
0.1177	2.6500e+01	3.6401e+00
0.1186	2.2000e+01	3.3166e+00
0.1194	4.5000e+00	1.5000e+00
0.1202	1.0000e+00	7.0711e-01
0.1210	0.0000e+00	0.0000e+00
0.1218	5.0000e-01	5.0000e-01
0.1226	2.0000e+00	1.0000e+00
0.1235	5.0000e-01	5.0000e-01
0.1243	0.0000e+00	0.0000e+00
0.1251	5.0000e-01	5.0000e-01
0.1259	1.5000e+00	8.6603e-01
0.1267	1.0000e+00	7.0711e-01
0.1275	1.0000e+00	7.0711e-01
0.1284	0.0000e+00	0.0000e+00
0.1292	5.0000e-01	5.0000e-01
0.1300	1.0000e+00	7.0711e-01
0.1308	0.0000e+00	0.0000e+00
0.1316	5.0000e-01	5.0000e-01
0.1324	1.5000e+00	8.6603e-01
0.1333	0.0000e+00	0.0000e+00
0.1341	1.0000e+00	7.0711e-01
0.1349	0.0000e+00	0.0000e+00
0.1357	1.0000e+00	7.0711e-01
0.1365	5.0000e-01	5.0000e-01
0.1373	5.0000e-01	5.0000e-01
0.1382	0.0000e+00	0.0000e+00
0.1390	5.0000e-01	5.0000e-01
0.1398	5.0000e-01	5.0000e-01
0.1406	1.0000e+00	7.0711e-01
0.1414	1.0000e+00	7.0711e-01
0.1422	1.0000e+00	7.0711e-01
0.1431	0.0000e+00	0.0000e+00
0.1439	1.0000e+00	7.0711e-01
0.1447	1.0000e+00	7.0711e-01
0.1455	1.5000e+00	8.6603e-01
0.1463	5.0000e-01	5.0000e-01
0.1471	0.0000e+00	0.0000e+00
0.1480	5.0000e-01	5.0000e-01
0.1488	0.0000e+00	0.0000e+00
0.1496	0.0000e+00	0.0000e+00
0.1504	5.0000e-01	5.0000e-01
0.1512	0.0000e+00	0.0000e+00
0.1520	0.0000e+00	0.0000e+00
0.1529	0.0000e+00	0.0000e+00
