-41.1443	0.0000e+00	0.0000e+00
-34.2076	2.1751e-07	1.5381e-07
-27.2709	2.1751e-07	1.5381e-07
-20.3342	1.0876e-07	1.0876e-07
-13.3975	2.1751e-07	1.5381e-07
-6.4608	3.2627e-07	1.8837e-07
0.4759	2.1751e-07	1.5381e-07
7.4126	2.1751e-07	1.5381e-07
14.3493	3.2627e-07	1.8837e-07
21.2860	1.0876e-07	1.0876e-07
28.2227	1.0876e-07	1.0876e-07
35.1594	2.1751e-07	1.5381e-07
42.0961	2.1751e-07	1.5381e-07
49.0328	4.3503e-07	2.1751e-07
55.9695	3.2627e-07	1.8837e-07
62.9062	0.0000e+00	0.0000e+00
69.8429	1.0876e-07	1.0876e-07
76.7796	1.0876e-07	1.0876e-07
83.7163	3.2627e-07	1.8837e-07
90.6530	2.1751e-07	1.5381e-07
97.5897	3.2627e-07	1.8837e-07
104.5264	1.0876e-07	1.0876e-07
111.4631	1.0876e-07	1.0876e-07
118.3998	1.0876e-07	1.0876e-07
125.3365	1.0876e-07	1.0876e-07
132.2732	1.0876e-07	1.0876e-07
139.2099	1.0876e-07	1.0876e-07
146.1466	0.0000e+00	0.0000e+00
153.0833	0.0000e+00	0.0000e+00
160.0200	0.0000e+00	0.0000e+00
166.9567	0.0000e+00	0.0000e+00
173.8934	0.0000e+00	0.0000e+00
180.8301	0.0000e+00	0.0000e+00
187.7668	0.0000e+00	0.0000e+00
194.7035	0.0000e+00	0.0000e+00
201.6402	0.0000e+00	0.0000e+00
208.5769	0.0000e+00	0.0000e+00
215.5136	0.0000e+00	0.0000e+00
222.4503	0.0000e+00	0.0000e+00
229.3870	0.0000e+00	0.0000e+00
236.3237	0.0000e+00	0.0000e+00
243.2604	0.0000e+00	0.0000e+00
250.1971	0.0000e+00	0.0000e+00
257.1338	0.0000e+00	0.0000e+00
264.0705	0.0000e+00	0.0000e+00
271.0072	0.0000e+00	0.0000e+00
277.9439	0.0000e+00	0.0000e+00
284.8806	0.0000e+00	0.0000e+00
291.8173	0.0000e+00	0.0000e+00
298.7540	0.0000e+00	0.0000e+00
305.6907	0.0000e+00	0.0000e+00
312.6274	0.0000e+00	0.0000e+00
319.5641	0.0000e+00	0.0000e+00
326.5008	0.0000e+00	0.0000e+00
333.4375	0.0000e+00	0.0000e+00
340.3742	0.0000e+00	0.0000e+00
347.3109	0.0000e+00	0.0000e+00
354.2476	0.0000e+00	0.0000e+00
361.1843	0.0000e+00	0.0000e+00
368.1210	0.0000e+00	0.0000e+00
375.0577	0.0000e+00	0.0000e+00
381.9944	0.0000e+00	0.0000e+00
388.9311	0.0000e+00	0.0000e+00
395.8678	0.0000e+00	0.0000e+00
402.8045	0.0000e+00	0.0000e+00
409.7412	0.0000e+00	0.0000e+00
416.6779	0.0000e+00	0.0000e+00
423.6146	0.0000e+00	0.0000e+00
430.5513	0.0000e+00	0.0000e+00
437.4880	0.0000e+00	0.0000e+00
444.4247	0.0000e+00	0.0000e+00
451.3614	0.0000e+00	0.0000e+00
458.2981	0.0000e+00	0.0000e+00
465.2348	0.0000e+00	0.0000e+00
472.1715	0.0000e+00	0.0000e+00
479.1082	0.0000e+00	0.0000e+00
486.0449	0.0000e+00	0.0000e+00
492.9816	0.0000e+00	0.0000e+00
499.9183	0.0000e+00	0.0000e+00
506.8550	0.0000e+00	0.0000e+00
513.7917	0.0000e+00	0.0000e+00
520.7284	0.0000e+00	0.0000e+00
527.6651	0.0000e+00	0.0000e+00
534.6018	0.0000e+00	0.0000e+00
541.5385	0.0000e+00	0.0000e+00
548.4752	0.0000e+00	0.0000e+00
555.4119	0.0000e+00	0.0000e+00
562.3486	0.0000e+00	0.0000e+00
569.2853	0.0000e+00	0.0000e+00
576.2220	0.0000e+00	0.0000e+00
583.1587	0.0000e+00	0.0000e+00
590.0954	0.0000e+00	0.0000e+00
597.0321	1.0876e-07	1.0876e-07
603.9688	0.0000e+00	0.0000e+00
610.9055	0.0000e+00	0.0000e+00
617.8422	0.0000e+00	0.0000e+00
624.7789	0.0000e+00	0.0000e+00
631.7156	1.0876e-07	1.0876e-07
638.6523	0.0000e+00	0.0000e+00
645.5890	0.0000e+00	0.0000e+00
652.5257	0.0000e+00	0.0000e+00
659.4624	0.0000e+00	0.0000e+00
666.3991	0.0000e+00	0.0000e+00
673.3358	0.0000e+00	0.0000e+00
680.2725	0.0000e+00	0.0000e+00
687.2092	0.0000e+00	0.0000e+00
694.1459	0.0000e+00	0.0000e+00
701.0826	0.0000e+00	0.0000e+00
708.0193	1.0876e-07	1.0876e-07
714.9560	0.0000e+00	0.0000e+00
721.8927	0.0000e+00	0.0000e+00
728.8294	0.0000e+00	0.0000e+00
735.7661	0.0000e+00	0.0000e+00
742.7028	0.0000e+00	0.0000e+00
749.6395	0.0000e+00	0.0000e+00
756.5762	1.0876e-07	1.0876e-07
763.5129	0.0000e+00	0.0000e+00
770.4496	0.0000e+00	0.0000e+00
777.3863	0.0000e+00	0.0000e+00
784.3230	0.0000e+00	0.0000e+00
791.2597	0.0000e+00	0.0000e+00
798.1964	0.0000e+00	0.0000e+00
805.1331	0.0000e+00	0.0000e+00
812.0698	0.0000e+00	0.0000e+00
819.0065	0.0000e+00	0.0000e+00
825.9432	0.0000e+00	0.0000e+00
832.8799	0.0000e+00	0.0000e+00
839.8166	0.0000e+00	0.0000e+00
846.7533	0.0000e+00	0.0000e+00
853.6900	0.0000e+00	0.0000e+00
860.6267	0.0000e+00	0.0000e+00
867.5634	0.0000e+00	0.0000e+00
874.5001	0.0000e+00	0.0000e+00
881.4368	0.0000e+00	0.0000e+00
888.3735	0.0000e+00	0.0000e+00
895.3102	0.0000e+00	0.0000e+00
902.2469	0.0000e+00	0.0000e+00
909.1836	0.0000e+00	0.0000e+00
916.1203	0.0000e+00	0.0000e+00
923.0570	0.0000e+00	0.0000e+00
929.9937	1.0876e-07	1.0876e-07
936.9304	1.0876e-07	1.0876e-07
943.8671	1.0876e-07	1.0876e-07
950.8038	1.0876e-07	1.0876e-07
957.7405	0.0000e+00	0.0000e+00
964.6772	0.0000e+00	0.0000e+00
971.6139	4.3503e-07	2.1751e-07
978.5506	1.0876e-07	1.0876e-07
985.4873	4.3503e-07	2.1751e-07
992.4240	3.2627e-07	1.8837e-07
999.3607	3.2627e-07	1.8837e-07
1006.2974	4.3503e-07	2.1751e-07
1013.2341	8.7005e-07	3.0761e-07
1020.1708	9.7881e-07	3.2627e-07
1027.1075	1.4138e-06	3.9213e-07
1034.0442	2.1751e-06	4.8638e-07
1040.9809	2.2839e-06	4.9839e-07
1047.9176	4.6765e-06	7.1317e-07
1054.8543	3.8065e-06	6.4341e-07
1061.7910	5.4378e-06	7.6903e-07
1068.7277	6.4166e-06	8.3538e-07
1075.6644	7.7217e-06	9.1640e-07
1082.6011	8.7005e-06	9.7275e-07
1089.5378	8.9180e-06	9.8484e-07
1096.4745	9.8969e-06	1.0375e-06
1103.4112	1.5008e-05	1.2776e-06
1110.3479	1.4682e-05	1.2636e-06
1117.2846	1.8054e-05	1.4012e-06
1124.2213	1.8162e-05	1.4055e-06
1131.1580	1.9467e-05	1.4551e-06
1138.0947	2.3056e-05	1.5835e-06
1145.0314	2.2621e-05	1.5685e-06
1151.9681	2.6863e-05	1.7093e-06
1158.9048	2.7515e-05	1.7299e-06
1165.8415	2.9147e-05	1.7804e-06
1172.7782	3.1866e-05	1.8616e-06
1179.7149	3.2953e-05	1.8931e-06
1186.6516	3.3606e-05	1.9118e-06
1193.5883	3.2953e-05	1.8931e-06
1200.5250	3.7956e-05	2.0318e-06
1207.4617	3.7956e-05	2.0318e-06
1214.3984	3.7521e-05	2.0201e-06
1221.3351	3.7086e-05	2.0083e-06
1228.2718	3.7739e-05	2.0259e-06
1235.2085	3.7521e-05	2.0201e-06
1242.1452	3.7956e-05	2.0318e-06
1249.0819	4.2198e-05	2.1423e-06
1256.0186	4.0022e-05	2.0863e-06
1262.9553	3.6433e-05	1.9906e-06
1269.8920	4.1219e-05	2.1173e-06
1276.8287	3.7847e-05	2.0289e-06
1283.7654	4.3176e-05	2.1670e-06
1290.7021	3.7304e-05	2.0142e-06
1297.6388	4.2415e-05	2.1478e-06
1304.5755	3.8935e-05	2.0578e-06
1311.5122	4.3394e-05	2.1724e-06
1318.4489	3.9152e-05	2.0635e-06
1325.3856	3.8826e-05	2.0549e-06
1332.3223	3.7847e-05	2.0289e-06
1339.2590	4.1545e-05	2.1257e-06
1346.1957	4.0349e-05	2.0948e-06
1353.1324	4.0566e-05	2.1005e-06
1360.0691	3.9479e-05	2.0721e-06
1367.0058	3.5890e-05	1.9757e-06
1373.9425	3.9479e-05	2.0721e-06
1380.8792	4.4917e-05	2.2102e-06
1387.8159	3.9914e-05	2.0835e-06
1394.7526	3.8717e-05	2.0520e-06
1401.6893	3.8609e-05	2.0492e-06
1408.6260	4.1328e-05	2.1201e-06
1415.5627	4.0022e-05	2.0863e-06
1422.4994	4.1001e-05	2.1117e-06
1429.4361	3.9696e-05	2.0778e-06
1436.3728	3.6325e-05	1.9876e-06
1443.3095	4.5025e-05	2.2129e-06
1450.2462	4.0784e-05	2.1061e-06
1457.1829	3.8826e-05	2.0549e-06
1464.1196	3.9370e-05	2.0693e-06
1471.0563	3.9805e-05	2.0807e-06
1477.9930	4.3829e-05	2.1833e-06
1484.9297	3.7630e-05	2.0230e-06
1491.8664	4.2089e-05	2.1395e-06
1498.8031	4.0022e-05	2.0863e-06
1505.7398	3.6760e-05	1.9995e-06
1512.6765	4.1328e-05	2.1201e-06
1519.6132	3.7521e-05	2.0201e-06
1526.5499	3.8500e-05	2.0463e-06
1533.4866	3.9587e-05	2.0750e-06
1540.4233	4.3503e-05	2.1752e-06
1547.3600	4.1110e-05	2.1145e-06
1554.2967	3.9587e-05	2.0750e-06
1561.2334	3.8826e-05	2.0549e-06
1568.1701	3.8282e-05	2.0405e-06
1575.1068	3.8065e-05	2.0347e-06
1582.0435	3.4693e-05	1.9425e-06
1588.9802	4.0240e-05	2.0920e-06
1595.9169	3.5455e-05	1.9637e-06
1602.8536	4.2741e-05	2.1561e-06
1609.7903	3.7304e-05	2.0142e-06
1616.7270	3.8609e-05	2.0492e-06
1623.6637	3.6977e-05	2.0054e-06
1630.6004	3.9805e-05	2.0807e-06
1637.5371	3.9696e-05	2.0778e-06
1644.4738	3.7304e-05	2.0142e-06
1651.4105	3.4585e-05	1.9394e-06
1658.3472	3.9370e-05	2.0693e-06
1665.2839	3.3606e-05	1.9118e-06
1672.2206	3.8717e-05	2.0520e-06
1679.1573	3.6325e-05	1.9876e-06
1686.0940	3.6325e-05	1.9876e-06
1693.0307	4.2524e-05	2.1506e-06
1699.9674	3.6216e-05	1.9846e-06
1706.9041	4.1545e-05	2.1257e-06
1713.8408	4.4917e-05	2.2102e-06
1720.7775	4.3285e-05	2.1697e-06
1727.7142	3.8065e-05	2.0347e-06
1734.6509	3.6760e-05	1.9995e-06
1741.5876	4.3285e-05	2.1697e-06
1748.5243	3.7847e-05	2.0289e-06
1755.4610	3.9479e-05	2.0721e-06
1762.3977	4.4046e-05	2.1887e-06
1769.3344	4.5243e-05	2.2182e-06
1776.2711	3.9044e-05	2.0607e-06
1783.2078	3.5672e-05	1.9697e-06
1790.1445	4.2850e-05	2.1588e-06
1797.0812	4.2633e-05	2.1533e-06
1804.0179	4.1436e-05	2.1229e-06
1810.9546	4.0566e-05	2.1005e-06
1817.8913	4.2306e-05	2.1450e-06
1824.8280	4.1328e-05	2.1201e-06
1831.7647	4.1001e-05	2.1117e-06
1838.7014	4.4917e-05	2.2102e-06
1845.6381	4.2959e-05	2.1615e-06
1852.5748	4.5787e-05	2.2315e-06
1859.5115	4.4264e-05	2.1941e-06
1866.4482	4.3720e-05	2.1806e-06
1873.3849	4.4046e-05	2.1887e-06
1880.3216	3.8717e-05	2.0520e-06
1887.2583	4.3285e-05	2.1697e-06
1894.1950	3.9696e-05	2.0778e-06
1901.1317	4.3720e-05	2.1806e-06
1908.0684	4.1980e-05	2.1368e-06
1915.0051	4.0240e-05	2.0920e-06
1921.9418	4.1219e-05	2.1173e-06
1928.8785	4.5134e-05	2.2156e-06
1935.8152	4.2850e-05	2.1588e-06
1942.7519	3.9696e-05	2.0778e-06
1949.6886	4.3285e-05	2.1697e-06
1956.6253	4.1219e-05	2.1173e-06
1963.5620	4.3176e-05	2.1670e-06
1970.4987	4.0240e-05	2.0920e-06
1977.4354	4.4590e-05	2.2022e-06
1984.3721	4.3720e-05	2.1806e-06
1991.3088	4.2741e-05	2.1561e-06
1998.2455	4.5678e-05	2.2289e-06
2005.1822	4.3285e-05	2.1697e-06
2012.1189	4.3938e-05	2.1860e-06
2019.0556	4.0457e-05	2.0977e-06
2025.9923	4.2306e-05	2.1450e-06
2032.9290	4.7527e-05	2.2735e-06
2039.8657	4.4699e-05	2.2049e-06
2046.8024	4.5134e-05	2.2156e-06
2053.7391	4.6004e-05	2.2368e-06
2060.6758	4.2633e-05	2.1533e-06
2067.6125	4.6222e-05	2.2421e-06
2074.5492	4.1001e-05	2.1117e-06
2081.4859	4.3285e-05	2.1697e-06
2088.4226	3.8826e-05	2.0549e-06
2095.3593	4.5569e-05	2.2262e-06
2102.2960	4.4155e-05	2.1914e-06
2109.2327	4.4046e-05	2.1887e-06
2116.1694	4.5352e-05	2.2209e-06
2123.1061	4.6657e-05	2.2526e-06
2130.0428	4.5787e-05	2.2315e-06
2136.9795	4.8070e-05	2.2865e-06
2143.9162	4.5460e-05	2.2236e-06
2150.8529	4.6657e-05	2.2526e-06
2157.7896	4.5352e-05	2.2209e-06
2164.7263	4.5678e-05	2.2289e-06
2171.6630	4.3829e-05	2.1833e-06
2178.5997	4.3720e-05	2.1806e-06
2185.5364	4.9593e-05	2.3224e-06
2192.4731	4.6765e-05	2.2553e-06
2199.4098	4.9811e-05	2.3275e-06
2206.3465	4.6330e-05	2.2447e-06
2213.2832	4.7527e-05	2.2735e-06
2220.2199	4.4699e-05	2.2049e-06
2227.1566	4.7527e-05	2.2735e-06
2234.0933	4.6657e-05	2.2526e-06
2241.0300	4.4046e-05	2.1887e-06
2247.9667	4.8505e-05	2.2968e-06
2254.9034	4.6765e-05	2.2553e-06
2261.8401	4.8070e-05	2.2865e-06
2268.7768	4.5243e-05	2.2182e-06
2275.7135	4.9919e-05	2.3301e-06
2282.6502	4.5243e-05	2.2182e-06
2289.5869	4.2633e-05	2.1533e-06
2296.5236	4.5787e-05	2.2315e-06
2303.4603	4.6983e-05	2.2605e-06
2310.3970	4.6548e-05	2.2500e-06
2317.3337	4.4481e-05	2.1995e-06
2324.2704	4.7527e-05	2.2735e-06
2331.2071	4.7744e-05	2.2787e-06
2338.1438	4.6113e-05	2.2395e-06
2345.0805	4.1436e-05	2.1229e-06
2352.0172	4.7853e-05	2.2813e-06
2358.9539	5.0572e-05	2.3453e-06
2365.8906	4.5243e-05	2.2182e-06
2372.8273	4.4373e-05	2.1968e-06
2379.7640	4.6874e-05	2.2579e-06
2386.7007	4.4590e-05	2.2022e-06
2393.6374	4.5895e-05	2.2342e-06
2400.5741	4.7309e-05	2.2683e-06
2407.5108	4.6113e-05	2.2395e-06
2414.4475	4.6765e-05	2.2553e-06
2421.3842	4.5895e-05	2.2342e-06
2428.3209	4.6113e-05	2.2395e-06
2435.2576	4.2850e-05	2.1588e-06
2442.1943	4.3068e-05	2.1643e-06
2449.1310	4.5352e-05	2.2209e-06
2456.0677	4.8179e-05	2.2891e-06
2463.0044	5.1551e-05	2.3678e-06
2469.9411	4.6330e-05	2.2447e-06
2476.8778	4.2524e-05	2.1506e-06
2483.8145	4.5352e-05	2.2209e-06
2490.7512	4.8505e-05	2.2968e-06
2497.6879	4.6004e-05	2.2368e-06
2504.6246	4.3068e-05	2.1643e-06
2511.5613	4.3829e-05	2.1833e-06
2518.4980	4.9593e-05	2.3224e-06
2525.4347	4.5134e-05	2.2156e-06
2532.3714	4.6113e-05	2.2395e-06
2539.3081	4.5569e-05	2.2262e-06
2546.2448	4.2198e-05	2.1423e-06
2553.1815	4.4373e-05	2.1968e-06
2560.1182	4.3938e-05	2.1860e-06
2567.0549	4.4373e-05	2.1968e-06
2573.9916	3.8065e-05	2.0347e-06
2580.9283	4.0893e-05	2.1089e-06
2587.8650	4.6983e-05	2.2605e-06
2594.8017	4.3720e-05	2.1806e-06
2601.7384	3.7412e-05	2.0172e-06
2608.6751	4.3938e-05	2.1860e-06
2615.6118	4.1219e-05	2.1173e-06
2622.5485	3.9805e-05	2.0807e-06
2629.4852	4.4046e-05	2.1887e-06
2636.4219	3.9587e-05	2.0750e-06
2643.3586	4.0566e-05	2.1005e-06
2650.2953	4.1545e-05	2.1257e-06
2657.2320	4.0675e-05	2.1033e-06
2664.1687	4.2633e-05	2.1533e-06
2671.1054	4.3503e-05	2.1752e-06
2678.0421	3.8391e-05	2.0434e-06
2684.9788	4.3611e-05	2.1779e-06
2691.9155	4.1328e-05	2.1201e-06
2698.8522	3.8500e-05	2.0463e-06
2705.7889	4.0240e-05	2.0920e-06
2712.7256	4.1436e-05	2.1229e-06
2719.6623	3.5563e-05	1.9667e-06
2726.5990	3.3823e-05	1.9180e-06
2733.5357	3.8500e-05	2.0463e-06
2740.4724	3.6107e-05	1.9817e-06
2747.4091	3.7412e-05	2.0172e-06
2754.3458	3.8065e-05	2.0347e-06
2761.2825	3.5781e-05	1.9727e-06
2768.2192	3.4585e-05	1.9394e-06
2775.1559	3.4367e-05	1.9333e-06
2782.0926	3.5998e-05	1.9787e-06
2789.0293	3.4041e-05	1.9241e-06
2795.9660	3.2083e-05	1.8680e-06
2802.9027	3.8174e-05	2.0376e-06
2809.8394	3.6977e-05	2.0054e-06
2816.7761	3.3171e-05	1.8994e-06
2823.7128	3.5455e-05	1.9637e-06
2830.6495	3.4258e-05	1.9303e-06
2837.5862	3.2083e-05	1.8680e-06
2844.5229	3.2301e-05	1.8743e-06
2851.4596	3.1974e-05	1.8648e-06
2858.3963	3.3388e-05	1.9056e-06
2865.3330	3.1974e-05	1.8648e-06
2872.2697	3.2953e-05	1.8931e-06
2879.2064	2.7189e-05	1.7196e-06
2886.1431	3.0126e-05	1.8101e-06
2893.0798	3.2192e-05	1.8711e-06
2900.0165	2.7515e-05	1.7299e-06
2906.9532	2.9364e-05	1.7871e-06
2913.8899	2.9147e-05	1.7804e-06
2920.8266	3.1431e-05	1.8489e-06
2927.7633	2.8168e-05	1.7503e-06
2934.7000	2.6645e-05	1.7023e-06
2941.6367	2.8821e-05	1.7704e-06
2948.5734	2.7950e-05	1.7435e-06
2955.5101	2.8386e-05	1.7570e-06
2962.4468	2.7080e-05	1.7162e-06
2969.3835	2.7080e-05	1.7162e-06
2976.3202	2.9147e-05	1.7804e-06
2983.2569	2.5775e-05	1.6743e-06
2990.1936	2.3056e-05	1.5835e-06
2997.1303	2.0773e-05	1.5031e-06
3004.0670	2.7733e-05	1.7367e-06
3011.0037	2.6428e-05	1.6954e-06
3017.9404	2.3818e-05	1.6095e-06
3024.8771	2.4362e-05	1.6277e-06
3031.8138	2.3818e-05	1.6095e-06
3038.7505	2.4579e-05	1.6350e-06
3045.6872	2.1969e-05	1.5457e-06
3052.6239	2.3165e-05	1.5873e-06
3059.5606	2.2186e-05	1.5534e-06
3066.4973	2.2513e-05	1.5647e-06
3073.4340	2.3274e-05	1.5910e-06
3080.3707	2.1751e-05	1.5381e-06
3087.3074	2.0555e-05	1.4952e-06
3094.2441	2.2948e-05	1.5798e-06
3101.1808	2.0990e-05	1.5109e-06
3108.1175	2.1860e-05	1.5419e-06
3115.0542	2.0229e-05	1.4833e-06
3121.9909	2.2186e-05	1.5534e-06
3128.9276	1.9032e-05	1.4387e-06
3135.8643	1.7619e-05	1.3843e-06
3142.8010	2.0446e-05	1.4912e-06
3149.7377	1.7401e-05	1.3757e-06
3156.6744	1.9902e-05	1.4712e-06
3163.6111	1.6640e-05	1.3453e-06
3170.5478	1.7184e-05	1.3671e-06
3177.4845	1.8380e-05	1.4138e-06
3184.4212	1.9359e-05	1.4510e-06
3191.3579	1.6640e-05	1.3453e-06
3198.2946	1.9685e-05	1.4632e-06
3205.2313	1.7836e-05	1.3928e-06
3212.1680	1.5987e-05	1.3186e-06
3219.1047	1.7727e-05	1.3885e-06
3226.0414	1.8489e-05	1.4180e-06
3232.9781	1.8054e-05	1.4012e-06
3239.9148	1.5008e-05	1.2776e-06
3246.8515	1.7075e-05	1.3627e-06
3253.7882	1.7401e-05	1.3757e-06
3260.7249	1.7727e-05	1.3885e-06
3267.6616	1.3921e-05	1.2304e-06
3274.5983	1.6531e-05	1.3409e-06
3281.5350	1.8706e-05	1.4263e-06
3288.4717	1.7292e-05	1.3714e-06
3295.4084	1.5878e-05	1.3141e-06
3302.3451	1.6857e-05	1.3540e-06
3309.2818	1.7619e-05	1.3843e-06
3316.2185	1.5117e-05	1.2822e-06
3323.1552	1.5552e-05	1.3005e-06
3330.0919	1.5552e-05	1.3005e-06
3337.0286	1.5552e-05	1.3005e-06
3343.9653	1.5987e-05	1.3186e-06
3350.9020	1.3160e-05	1.1963e-06
3357.8387	1.4356e-05	1.2495e-06
3364.7754	1.3812e-05	1.2256e-06
3371.7121	1.3051e-05	1.1914e-06
3378.6488	1.4030e-05	1.2352e-06
3385.5855	1.4138e-05	1.2400e-06
3392.5222	1.4573e-05	1.2590e-06
3399.4589	1.4682e-05	1.2636e-06
3406.3956	1.3703e-05	1.2208e-06
3413.3323	1.3051e-05	1.1914e-06
3420.2690	1.4356e-05	1.2495e-06
3427.2057	1.3812e-05	1.2256e-06
3434.1424	1.4465e-05	1.2542e-06
3441.0791	1.3377e-05	1.2062e-06
3448.0158	1.2942e-05	1.1864e-06
3454.9525	1.3703e-05	1.2208e-06
3461.8892	1.2833e-05	1.1814e-06
3468.8259	1.4465e-05	1.2542e-06
3475.7626	1.3377e-05	1.2062e-06
3482.6993	1.0114e-05	1.0488e-06
3489.6360	1.4030e-05	1.2352e-06
3496.5727	1.3377e-05	1.2062e-06
3503.5094	1.2833e-05	1.1814e-06
3510.4461	1.1202e-05	1.1038e-06
3517.3828	1.2616e-05	1.1714e-06
3524.3195	1.3160e-05	1.1963e-06
3531.2562	1.0984e-05	1.0930e-06
3538.1929	1.3812e-05	1.2256e-06
3545.1296	1.0876e-05	1.0876e-06
3552.0663	1.1746e-05	1.1302e-06
3559.0030	1.2507e-05	1.1663e-06
3565.9397	1.2616e-05	1.1714e-06
3572.8764	1.3595e-05	1.2159e-06
3579.8131	1.0223e-05	1.0544e-06
3586.7498	1.1311e-05	1.1091e-06
3593.6865	1.1746e-05	1.1302e-06
3600.6232	9.8969e-06	1.0375e-06
3607.5599	1.0549e-05	1.0711e-06
3614.4966	1.3160e-05	1.1963e-06
3621.4333	1.1419e-05	1.1144e-06
3628.3700	8.3743e-06	9.5434e-07
3635.3067	1.0441e-05	1.0656e-06
3642.2434	1.0658e-05	1.0766e-06
3649.1801	1.1746e-05	1.1302e-06
3656.1168	1.1093e-05	1.0984e-06
3663.0535	9.8969e-06	1.0375e-06
3669.9902	1.0767e-05	1.0821e-06
3676.9269	8.5918e-06	9.6665e-07
3683.8636	1.1746e-05	1.1302e-06
3690.8003	1.1528e-05	1.1197e-06
3697.7370	8.4830e-06	9.6052e-07
3704.6737	1.1528e-05	1.1197e-06
3711.6104	1.1746e-05	1.1302e-06
3718.5471	1.0441e-05	1.0656e-06
3725.4838	9.4618e-06	1.0144e-06
3732.4205	8.1568e-06	9.4186e-07
3739.3572	9.2443e-06	1.0027e-06
3746.2939	9.5706e-06	1.0202e-06
3753.2306	8.0480e-06	9.3556e-07
3760.1673	1.1202e-05	1.1038e-06
3767.1040	9.2443e-06	1.0027e-06
3774.0407	8.4830e-06	9.6052e-07
3780.9774	9.6793e-06	1.0260e-06
3787.9141	1.0223e-05	1.0544e-06
3794.8508	8.9180e-06	9.8484e-07
3801.7875	8.3743e-06	9.5434e-07
3808.7242	6.8517e-06	8.6323e-07
3815.6609	9.6793e-06	1.0260e-06
3822.5976	1.0876e-05	1.0876e-06
3829.5343	7.8305e-06	9.2283e-07
3836.4710	1.0114e-05	1.0488e-06
3843.4077	8.8093e-06	9.7881e-07
3850.3444	9.1356e-06	9.9677e-07
3857.2811	9.7881e-06	1.0318e-06
3864.2178	9.5706e-06	1.0202e-06
3871.1545	9.2443e-06	1.0027e-06
3878.0912	9.4618e-06	1.0144e-06
3885.0279	9.0268e-06	9.9082e-07
3891.9646	9.2443e-06	1.0027e-06
3898.9013	8.2655e-06	9.4812e-07
3905.8380	8.3743e-06	9.5434e-07
3912.7747	8.0480e-06	9.3556e-07
3919.7114	8.3743e-06	9.5434e-07
3926.6481	8.9180e-06	9.8484e-07
3933.5848	1.0223e-05	1.0544e-06
3940.5215	7.8305e-06	9.2283e-07
3947.4582	6.7429e-06	8.5635e-07
3954.3949	8.5918e-06	9.6665e-07
3961.3316	9.3531e-06	1.0086e-06
3968.2683	8.5918e-06	9.6665e-07
3975.2050	7.0692e-06	8.7683e-07
3982.1417	7.9392e-06	9.2922e-07
3989.0784	7.6130e-06	9.0993e-07
3996.0151	6.7429e-06	8.5635e-07
4002.9518	7.7217e-06	9.1640e-07
4009.8885	7.1779e-06	8.8355e-07
4016.8252	8.2655e-06	9.4812e-07
4023.7619	7.6130e-06	9.0993e-07
4030.6986	6.0904e-06	8.1386e-07
4037.6353	7.2867e-06	8.9021e-07
4044.5720	7.1779e-06	8.8355e-07
4051.5087	7.3955e-06	8.9683e-07
4058.4454	5.4378e-06	7.6903e-07
4065.3821	7.3955e-06	8.9683e-07
4072.3188	7.3955e-06	8.9683e-07
4079.2555	7.2867e-06	8.9021e-07
4086.1922	8.3743e-06	9.5434e-07
4093.1289	7.6130e-06	9.0993e-07
4100.0656	7.0692e-06	8.7683e-07
4107.0023	6.4166e-06	8.3538e-07
4113.9390	7.7217e-06	9.1640e-07
4120.8757	6.7429e-06	8.5635e-07
4127.8124	6.4166e-06	8.3538e-07
4134.7491	5.5466e-06	7.7668e-07
4141.6858	5.9816e-06	8.0656e-07
4148.6225	8.5918e-06	9.6665e-07
4155.5592	6.9604e-06	8.7006e-07
4162.4959	5.6553e-06	7.8426e-07
4169.4326	6.5254e-06	8.4243e-07
4176.3693	6.4166e-06	8.3538e-07
4183.3060	5.7641e-06	7.9176e-07
4190.2427	7.5042e-06	9.0340e-07
4197.1794	7.2867e-06	8.9021e-07
4204.1161	8.0480e-06	9.3556e-07
4211.0528	7.7217e-06	9.1640e-07
4217.9895	7.5042e-06	9.0340e-07
4224.9262	6.6342e-06	8.4942e-07
4231.8629	5.9816e-06	8.0656e-07
4238.7996	6.4166e-06	8.3538e-07
4245.7363	7.2867e-06	8.9021e-07
4252.6730	6.5254e-06	8.4243e-07
4259.6097	5.4378e-06	7.6903e-07
4266.5464	6.4166e-06	8.3538e-07
4273.4831	7.3955e-06	8.9683e-07
4280.4198	6.5254e-06	8.4243e-07
4287.3565	5.7641e-06	7.9176e-07
4294.2932	6.6342e-06	8.4942e-07
4301.2299	7.8305e-06	9.2283e-07
4308.1666	6.4166e-06	8.3538e-07
4315.1033	4.4590e-06	6.9638e-07
4322.0400	4.7853e-06	7.2141e-07
4328.9767	5.9816e-06	8.0656e-07
4335.9134	7.1779e-06	8.8355e-07
4342.8501	4.8941e-06	7.2956e-07
4349.7868	5.3291e-06	7.6130e-07
4356.7235	5.5466e-06	7.7668e-07
4363.6602	5.8729e-06	7.9920e-07
4370.5969	4.8941e-06	7.2956e-07
4377.5336	7.0692e-06	8.7683e-07
4384.4703	5.4378e-06	7.6903e-07
4391.4070	7.5042e-06	9.0340e-07
4398.3437	5.8729e-06	7.9920e-07
4405.2804	6.8517e-06	8.6323e-07
4412.2171	5.0028e-06	7.3763e-07
4419.1538	6.5254e-06	8.4243e-07
4426.0905	7.8305e-06	9.2283e-07
4433.0272	5.1116e-06	7.4560e-07
4439.9639	5.3291e-06	7.6130e-07
4446.9006	6.6342e-06	8.4942e-07
4453.8373	4.3503e-06	6.8784e-07
4460.7740	5.3291e-06	7.6130e-07
4467.7107	5.3291e-06	7.6130e-07
4474.6474	5.0028e-06	7.3763e-07
4481.5841	5.1116e-06	7.4560e-07
4488.5208	5.9816e-06	8.0656e-07
4495.4575	5.4378e-06	7.6903e-07
4502.3942	4.5678e-06	7.0483e-07
4509.3309	6.4166e-06	8.3538e-07
4516.2676	5.4378e-06	7.6903e-07
4523.2043	6.5254e-06	8.4243e-07
4530.1410	5.9816e-06	8.0656e-07
4537.0777	4.3503e-06	6.8784e-07
4544.0144	6.6342e-06	8.4942e-07
4550.9511	5.6553e-06	7.8426e-07
4557.8878	6.0904e-06	8.1386e-07
4564.8245	5.6553e-06	7.8426e-07
4571.7612	4.6765e-06	7.1317e-07
4578.6979	5.2203e-06	7.5349e-07
4585.6346	5.0028e-06	7.3763e-07
4592.5713	4.4590e-06	6.9638e-07
4599.5080	6.9604e-06	8.7006e-07
4606.4447	3.9152e-06	6.5254e-07
4613.3814	5.0028e-06	7.3763e-07
4620.3181	4.8941e-06	7.2956e-07
4627.2548	6.8517e-06	8.6323e-07
4634.1915	4.4590e-06	6.9638e-07
4641.1282	5.0028e-06	7.3763e-07
4648.0649	5.0028e-06	7.3763e-07
4655.0016	5.6553e-06	7.8426e-07
4661.9383	5.5466e-06	7.7668e-07
4668.8750	5.1116e-06	7.4560e-07
4675.8117	5.7641e-06	7.9176e-07
4682.7484	4.6765e-06	7.1317e-07
4689.6851	4.6765e-06	7.1317e-07
4696.6218	4.0240e-06	6.6154e-07
4703.5585	5.7641e-06	7.9176e-07
4710.4952	5.2203e-06	7.5349e-07
4717.4319	4.7853e-06	7.2141e-07
4724.3686	2.2839e-06	4.9839e-07
4731.3053	4.8941e-06	7.2956e-07
4738.2420	5.5466e-06	7.7668e-07
4745.1787	5.2203e-06	7.5349e-07
4752.1154	5.1116e-06	7.4560e-07
4759.0521	4.3503e-06	6.8784e-07
4765.9888	4.1328e-06	6.7042e-07
4772.9255	6.3079e-06	8.2827e-07
4779.8622	4.4590e-06	6.9638e-07
4786.7989	3.9152e-06	6.5254e-07
4793.7356	3.9152e-06	6.5254e-07
4800.6723	4.3503e-06	6.8784e-07
4807.6090	5.8729e-06	7.9920e-07
4814.5457	5.3291e-06	7.6130e-07
4821.4824	4.4590e-06	6.9638e-07
4828.4191	4.0240e-06	6.6154e-07
4835.3558	4.0240e-06	6.6154e-07
4842.2925	5.0028e-06	7.3763e-07
4849.2292	4.4590e-06	6.9638e-07
4856.1659	5.5466e-06	7.7668e-07
4863.1026	4.8941e-06	7.2956e-07
4870.0393	4.6765e-06	7.1317e-07
4876.9760	3.9152e-06	6.5254e-07
4883.9127	4.8941e-06	7.2956e-07
4890.8494	4.6765e-06	7.1317e-07
4897.7861	3.9152e-06	6.5254e-07
4904.7228	3.1539e-06	5.8567e-07
4911.6595	5.5466e-06	7.7668e-07
4918.5962	4.3503e-06	6.8784e-07
4925.5329	4.0240e-06	6.6154e-07
4932.4696	5.5466e-06	7.7668e-07
4939.4063	4.4590e-06	6.9638e-07
4946.3430	3.9152e-06	6.5254e-07
4953.2797	5.1116e-06	7.4560e-07
4960.2164	4.2415e-06	6.7919e-07
4967.1531	3.9152e-06	6.5254e-07
4974.0898	4.1328e-06	6.7042e-07
4981.0265	5.0028e-06	7.3763e-07
4987.9632	3.8065e-06	6.4341e-07
4994.8999	4.4590e-06	6.9638e-07
5001.8366	5.1116e-06	7.4560e-07
5008.7733	4.7853e-06	7.2141e-07
5015.7100	4.2415e-06	6.7919e-07
5022.6467	4.2415e-06	6.7919e-07
5029.5834	5.0028e-06	7.3763e-07
5036.5201	5.1116e-06	7.4560e-07
5043.4568	3.5890e-06	6.2476e-07
5050.3935	5.6553e-06	7.8426e-07
5057.3302	5.4378e-06	7.6903e-07
5064.2669	3.2627e-06	5.9569e-07
5071.2036	3.1539e-06	5.8567e-07
5078.1403	5.4378e-06	7.6903e-07
5085.0770	4.8941e-06	7.2956e-07
5092.0137	4.1328e-06	6.7042e-07
5098.9504	4.7853e-06	7.2141e-07
5105.8871	4.3503e-06	6.8784e-07
5112.8238	3.9152e-06	6.5254e-07
5119.7605	4.4590e-06	6.9638e-07
5126.6972	3.0452e-06	5.7549e-07
5133.6339	5.3291e-06	7.6130e-07
5140.5706	5.0028e-06	7.3763e-07
5147.5073	4.6765e-06	7.1317e-07
5154.4440	4.3503e-06	6.8784e-07
5161.3807	5.3291e-06	7.6130e-07
5168.3174	4.4590e-06	6.9638e-07
5175.2541	4.0240e-06	6.6154e-07
5182.1908	4.5678e-06	7.0483e-07
5189.1275	4.3503e-06	6.8784e-07
5196.0642	4.6765e-06	7.1317e-07
5203.0009	4.2415e-06	6.7919e-07
5209.9376	4.6765e-06	7.1317e-07
5216.8743	4.3503e-06	6.8784e-07
5223.8110	4.7853e-06	7.2141e-07
5230.7477	2.7189e-06	5.4378e-07
5237.6844	4.2415e-06	6.7919e-07
5244.6211	4.5678e-06	7.0483e-07
5251.5578	4.6765e-06	7.1317e-07
5258.4945	4.5678e-06	7.0483e-07
5265.4312	4.3503e-06	6.8784e-07
5272.3679	3.4802e-06	6.1522e-07
5279.3046	4.3503e-06	6.8784e-07
5286.2413	4.3503e-06	6.8784e-07
5293.1780	3.5890e-06	6.2476e-07
5300.1147	3.5890e-06	6.2476e-07
5307.0514	3.4802e-06	6.1522e-07
5313.9881	5.4378e-06	7.6903e-07
5320.9248	4.2415e-06	6.7919e-07
5327.8615	4.5678e-06	7.0483e-07
5334.7982	4.7853e-06	7.2141e-07
5341.7349	5.5466e-06	7.7668e-07
5348.6716	3.6977e-06	6.3416e-07
5355.6083	4.4590e-06	6.9638e-07
5362.5450	4.6765e-06	7.1317e-07
5369.4817	3.9152e-06	6.5254e-07
5376.4184	5.0028e-06	7.3763e-07
5383.3551	4.6765e-06	7.1317e-07
5390.2918	3.9152e-06	6.5254e-07
5397.2285	3.2627e-06	5.9569e-07
5404.1652	3.0452e-06	5.7549e-07
5411.1019	4.1328e-06	6.7042e-07
5418.0386	4.0240e-06	6.6154e-07
5424.9753	3.6977e-06	6.3416e-07
5431.9120	3.5890e-06	6.2476e-07
5438.8487	3.9152e-06	6.5254e-07
5445.7854	4.6765e-06	7.1317e-07
5452.7221	3.1539e-06	5.8567e-07
5459.6588	3.3715e-06	6.0553e-07
5466.5955	3.3715e-06	6.0553e-07
5473.5322	4.4590e-06	6.9638e-07
5480.4689	3.8065e-06	6.4341e-07
5487.4056	3.8065e-06	6.4341e-07
5494.3423	3.9152e-06	6.5254e-07
5501.2790	3.9152e-06	6.5254e-07
5508.2157	4.5678e-06	7.0483e-07
5515.1524	4.7853e-06	7.2141e-07
5522.0891	3.9152e-06	6.5254e-07
5529.0258	4.5678e-06	7.0483e-07
5535.9625	3.1539e-06	5.8567e-07
5542.8992	3.2627e-06	5.9569e-07
5549.8359	2.9364e-06	5.6512e-07
5556.7726	4.2415e-06	6.7919e-07
5563.7093	2.8277e-06	5.5455e-07
5570.6460	3.8065e-06	6.4341e-07
5577.5827	3.6977e-06	6.3416e-07
5584.5194	3.5890e-06	6.2476e-07
5591.4561	3.9152e-06	6.5254e-07
5598.3928	3.5890e-06	6.2476e-07
5605.3295	3.3715e-06	6.0553e-07
5612.2662	4.1328e-06	6.7042e-07
5619.2029	4.3503e-06	6.8784e-07
5626.1396	2.7189e-06	5.4378e-07
5633.0763	4.7853e-06	7.2141e-07
5640.0130	4.1328e-06	6.7042e-07
5646.9497	3.5890e-06	6.2476e-07
5653.8864	4.8941e-06	7.2956e-07
5660.8231	4.2415e-06	6.7919e-07
5667.7598	4.8941e-06	7.2956e-07
5674.6965	4.1328e-06	6.7042e-07
5681.6332	2.9364e-06	5.6512e-07
5688.5699	4.1328e-06	6.7042e-07
5695.5066	4.5678e-06	7.0483e-07
5702.4433	5.3291e-06	7.6130e-07
5709.3800	4.8941e-06	7.2956e-07
5716.3167	4.1328e-06	6.7042e-07
5723.2534	3.2627e-06	5.9569e-07
5730.1901	4.7853e-06	7.2141e-07
5737.1268	5.1116e-06	7.4560e-07
5744.0635	5.5466e-06	7.7668e-07
5751.0002	6.8517e-06	8.6323e-07
5757.9369	5.1116e-06	7.4560e-07
5764.8736	5.3291e-06	7.6130e-07
5771.8103	5.4378e-06	7.6903e-07
5778.7470	7.3955e-06	8.9683e-07
5785.6837	5.9816e-06	8.0656e-07
5792.6204	6.8517e-06	8.6323e-07
5799.5571	7.1779e-06	8.8355e-07
5806.4938	6.0904e-06	8.1386e-07
5813.4305	7.6130e-06	9.0993e-07
5820.3672	7.1779e-06	8.8355e-07
5827.3039	6.0904e-06	8.1386e-07
5834.2406	8.0480e-06	9.3556e-07
5841.1773	8.0480e-06	9.3556e-07
5848.1140	8.3743e-06	9.5434e-07
5855.0507	6.6342e-06	8.4942e-07
5861.9874	6.7429e-06	8.5635e-07
5868.9241	7.3955e-06	8.9683e-07
5875.8608	8.0480e-06	9.3556e-07
5882.7975	8.1568e-06	9.4186e-07
5889.7342	6.0904e-06	8.1386e-07
5896.6709	7.5042e-06	9.0340e-07
5903.6076	5.9816e-06	8.0656e-07
5910.5443	6.6342e-06	8.4942e-07
5917.4810	5.0028e-06	7.3763e-07
5924.4177	6.0904e-06	8.1386e-07
5931.3544	6.3079e-06	8.2827e-07
5938.2911	4.5678e-06	7.0483e-07
5945.2278	5.2203e-06	7.5349e-07
5952.1645	4.7853e-06	7.2141e-07
5959.1012	5.0028e-06	7.3763e-07
5966.0379	4.6765e-06	7.1317e-07
5972.9746	4.0240e-06	6.6154e-07
5979.9113	4.0240e-06	6.6154e-07
5986.8480	4.0240e-06	6.6154e-07
5993.7847	4.6765e-06	7.1317e-07
6000.7214	3.9152e-06	6.5254e-07
6007.6581	3.8065e-06	6.4341e-07
6014.5948	4.1328e-06	6.7042e-07
6021.5315	3.9152e-06	6.5254e-07
6028.4682	3.0452e-06	5.7549e-07
6035.4049	4.2415e-06	6.7919e-07
6042.3416	3.5890e-06	6.2476e-07
6049.2783	3.6977e-06	6.3416e-07
6056.2150	3.2627e-06	5.9569e-07
6063.1517	3.2627e-06	5.9569e-07
6070.0884	3.8065e-06	6.4341e-07
6077.0251	3.3715e-06	6.0553e-07
6083.9618	3.5890e-06	6.2476e-07
6090.8985	3.3715e-06	6.0553e-07
6097.8352	3.6977e-06	6.3416e-07
6104.7719	3.5890e-06	6.2476e-07
6111.7086	3.8065e-06	6.4341e-07
6118.6453	3.4802e-06	6.1522e-07
6125.5820	4.4590e-06	6.9638e-07
6132.5187	3.0452e-06	5.7549e-07
6139.4554	2.8277e-06	5.5455e-07
6146.3921	3.8065e-06	6.4341e-07
6153.3288	3.5890e-06	6.2476e-07
6160.2655	3.8065e-06	6.4341e-07
6167.2022	4.2415e-06	6.7919e-07
6174.1389	3.2627e-06	5.9569e-07
6181.0756	3.3715e-06	6.0553e-07
6188.0123	2.2839e-06	4.9839e-07
6194.9490	2.1751e-06	4.8638e-07
6201.8857	2.8277e-06	5.5455e-07
6208.8224	4.1328e-06	6.7042e-07
6215.7591	2.7189e-06	5.4378e-07
6222.6958	3.2627e-06	5.9569e-07
6229.6325	3.5890e-06	6.2476e-07
6236.5692	3.9152e-06	6.5254e-07
6243.5059	3.4802e-06	6.1522e-07
6250.4426	3.2627e-06	5.9569e-07
6257.3793	3.9152e-06	6.5254e-07
6264.3160	4.3503e-06	6.8784e-07
6271.2527	3.2627e-06	5.9569e-07
6278.1894	4.7853e-06	7.2141e-07
6285.1261	4.4590e-06	6.9638e-07
6292.0628	5.0028e-06	7.3763e-07
6298.9995	3.5890e-06	6.2476e-07
6305.9362	3.8065e-06	6.4341e-07
6312.8729	3.8065e-06	6.4341e-07
6319.8096	4.4590e-06	6.9638e-07
6326.7463	3.6977e-06	6.3416e-07
6333.6830	4.6765e-06	7.1317e-07
6340.6197	5.7641e-06	7.9176e-07
6347.5564	5.4378e-06	7.6903e-07
6354.4931	5.7641e-06	7.9176e-07
6361.4298	4.6765e-06	7.1317e-07
6368.3665	5.8729e-06	7.9920e-07
6375.3032	6.6342e-06	8.4942e-07
6382.2399	6.6342e-06	8.4942e-07
6389.1766	6.1991e-06	8.2110e-07
6396.1133	6.0904e-06	8.1386e-07
6403.0500	6.1991e-06	8.2110e-07
6409.9867	7.9392e-06	9.2922e-07
6416.9234	6.3079e-06	8.2827e-07
6423.8601	5.7641e-06	7.9176e-07
6430.7968	6.9604e-06	8.7006e-07
6437.7335	7.5042e-06	9.0340e-07
6444.6702	8.0480e-06	9.3556e-07
6451.6069	7.0692e-06	8.7683e-07
6458.5436	6.6342e-06	8.4942e-07
6465.4803	6.9604e-06	8.7006e-07
6472.4170	7.6130e-06	9.0993e-07
6479.3537	7.5042e-06	9.0340e-07
6486.2904	6.1991e-06	8.2110e-07
6493.2271	8.3743e-06	9.5434e-07
6500.1638	6.6342e-06	8.4942e-07
6507.1005	5.6553e-06	7.8426e-07
6514.0372	6.0904e-06	8.1386e-07
6520.9739	7.2867e-06	8.9021e-07
6527.9106	5.6553e-06	7.8426e-07
6534.8473	6.5254e-06	8.4243e-07
6541.7840	7.7217e-06	9.1640e-07
6548.7207	5.5466e-06	7.7668e-07
6555.6574	5.0028e-06	7.3763e-07
6562.5941	6.0904e-06	8.1386e-07
6569.5308	8.1568e-06	9.4186e-07
6576.4675	6.5254e-06	8.4243e-07
6583.4042	6.1991e-06	8.2110e-07
6590.3409	6.4166e-06	8.3538e-07
6597.2776	5.9816e-06	8.0656e-07
6604.2143	5.0028e-06	7.3763e-07
6611.1510	4.1328e-06	6.7042e-07
6618.0877	4.3503e-06	6.8784e-07
6625.0244	4.4590e-06	6.9638e-07
6631.9611	5.1116e-06	7.4560e-07
6638.8978	3.5890e-06	6.2476e-07
6645.8345	4.5678e-06	7.0483e-07
6652.7712	4.3503e-06	6.8784e-07
6659.7079	3.2627e-06	5.9569e-07
6666.6446	4.6765e-06	7.1317e-07
6673.5813	3.4802e-06	6.1522e-07
6680.5180	3.0452e-06	5.7549e-07
6687.4547	4.2415e-06	6.7919e-07
6694.3914	4.4590e-06	6.9638e-07
6701.3281	2.5014e-06	5.2158e-07
6708.2648	3.5890e-06	6.2476e-07
6715.2015	3.6977e-06	6.3416e-07
6722.1382	5.1116e-06	7.4560e-07
6729.0749	5.1116e-06	7.4560e-07
6736.0116	3.6977e-06	6.3416e-07
6742.9483	4.0240e-06	6.6154e-07
6749.8850	4.7853e-06	7.2141e-07
6756.8217	3.2627e-06	5.9569e-07
6763.7584	2.2839e-06	4.9839e-07
6770.6951	3.4802e-06	6.1522e-07
6777.6318	3.8065e-06	6.4341e-07
6784.5685	3.1539e-06	5.8567e-07
6791.5052	3.1539e-06	5.8567e-07
6798.4419	3.8065e-06	6.4341e-07
6805.3786	4.1328e-06	6.7042e-07
6812.3153	2.7189e-06	5.4378e-07
6819.2520	3.2627e-06	5.9569e-07
6826.1887	4.1328e-06	6.7042e-07
6833.1254	3.5890e-06	6.2476e-07
6840.0621	3.0452e-06	5.7549e-07
6846.9988	3.3715e-06	6.0553e-07
6853.9355	3.4802e-06	6.1522e-07
6860.8722	3.9152e-06	6.5254e-07
6867.8089	3.6977e-06	6.3416e-07
6874.7456	4.1328e-06	6.7042e-07
6881.6823	3.3715e-06	6.0553e-07
6888.6190	3.3715e-06	6.0553e-07
6895.5557	3.3715e-06	6.0553e-07
6902.4924	3.8065e-06	6.4341e-07
6909.4291	4.1328e-06	6.7042e-07
6916.3658	5.2203e-06	7.5349e-07
6923.3025	3.6977e-06	6.3416e-07
6930.2392	3.8065e-06	6.4341e-07
6937.1759	3.6977e-06	6.3416e-07
6944.1126	3.2627e-06	5.9569e-07
6951.0493	3.3715e-06	6.0553e-07
6957.9860	2.9364e-06	5.6512e-07
6964.9227	4.4590e-06	6.9638e-07
6971.8594	3.4802e-06	6.1522e-07
6978.7961	3.4802e-06	6.1522e-07
6985.7328	3.1539e-06	5.8567e-07
6992.6695	3.8065e-06	6.4341e-07
6999.6062	3.5890e-06	6.2476e-07
7006.5429	1.7401e-06	4.3503e-07
7013.4796	2.9364e-06	5.6512e-07
7020.4163	2.9364e-06	5.6512e-07
7027.3530	3.2627e-06	5.9569e-07
7034.2897	2.9364e-06	5.6512e-07
7041.2264	3.2627e-06	5.9569e-07
7048.1631	2.9364e-06	5.6512e-07
7055.0998	2.8277e-06	5.5455e-07
7062.0365	3.4802e-06	6.1522e-07
7068.9732	3.4802e-06	6.1522e-07
7075.9099	2.5014e-06	5.2158e-07
7082.8466	3.5890e-06	6.2476e-07
7089.7833	2.9364e-06	5.6512e-07
7096.7200	2.9364e-06	5.6512e-07
7103.6567	2.5014e-06	5.2158e-07
7110.5934	3.0452e-06	5.7549e-07
7117.5301	3.5890e-06	6.2476e-07
7124.4668	3.6977e-06	6.3416e-07
7131.4035	3.6977e-06	6.3416e-07
7138.3402	4.2415e-06	6.7919e-07
7145.2769	3.3715e-06	6.0553e-07
7152.2136	2.5014e-06	5.2158e-07
7159.1503	3.9152e-06	6.5254e-07
7166.0870	4.6765e-06	7.1317e-07
7173.0237	1.8489e-06	4.4842e-07
7179.9604	2.0664e-06	4.7406e-07
7186.8971	3.0452e-06	5.7549e-07
7193.8338	2.3926e-06	5.1011e-07
7200.7705	3.2627e-06	5.9569e-07
7207.7072	2.0664e-06	4.7406e-07
7214.6439	3.3715e-06	6.0553e-07
7221.5806	2.5014e-06	5.2158e-07
7228.5173	2.2839e-06	4.9839e-07
7235.4540	2.3926e-06	5.1011e-07
7242.3907	2.2839e-06	4.9839e-07
7249.3274	2.8277e-06	5.5455e-07
7256.2641	4.7853e-06	7.2141e-07
7263.2008	2.3926e-06	5.1011e-07
7270.1375	2.7189e-06	5.4378e-07
7277.0742	3.2627e-06	5.9569e-07
7284.0109	3.6977e-06	6.3416e-07
7290.9476	2.3926e-06	5.1011e-07
7297.8843	3.1539e-06	5.8567e-07
7304.8210	4.2415e-06	6.7919e-07
7311.7577	3.1539e-06	5.8567e-07
7318.6944	3.6977e-06	6.3416e-07
7325.6311	3.6977e-06	6.3416e-07
7332.5678	3.8065e-06	6.4341e-07
7339.5045	3.0452e-06	5.7549e-07
7346.4412	3.6977e-06	6.3416e-07
7353.3779	3.2627e-06	5.9569e-07
7360.3146	3.5890e-06	6.2476e-07
7367.2513	3.8065e-06	6.4341e-07
7374.1880	3.8065e-06	6.4341e-07
7381.1247	2.9364e-06	5.6512e-07
7388.0614	3.1539e-06	5.8567e-07
7394.9981	4.4590e-06	6.9638e-07
7401.9348	4.6765e-06	7.1317e-07
7408.8715	3.1539e-06	5.8567e-07
7415.8082	3.5890e-06	6.2476e-07
7422.7449	3.3715e-06	6.0553e-07
7429.6816	4.0240e-06	6.6154e-07
7436.6183	2.5014e-06	5.2158e-07
7443.5550	4.1328e-06	6.7042e-07
7450.4917	4.1328e-06	6.7042e-07
7457.4284	3.6977e-06	6.3416e-07
7464.3651	3.2627e-06	5.9569e-07
7471.3018	2.8277e-06	5.5455e-07
7478.2385	3.9152e-06	6.5254e-07
7485.1752	3.9152e-06	6.5254e-07
7492.1119	2.9364e-06	5.6512e-07
7499.0486	3.2627e-06	5.9569e-07
7505.9853	3.1539e-06	5.8567e-07
7512.9220	2.9364e-06	5.6512e-07
7519.8587	3.5890e-06	6.2476e-07
7526.7954	3.4802e-06	6.1522e-07
7533.7321	4.4590e-06	6.9638e-07
7540.6688	1.7401e-06	4.3503e-07
7547.6055	3.2627e-06	5.9569e-07
7554.5422	2.9364e-06	5.6512e-07
7561.4789	3.4802e-06	6.1522e-07
7568.4156	3.9152e-06	6.5254e-07
7575.3523	2.6102e-06	5.3280e-07
7582.2890	2.5014e-06	5.2158e-07
7589.2257	3.3715e-06	6.0553e-07
7596.1624	4.6765e-06	7.1317e-07
7603.0991	3.3715e-06	6.0553e-07
7610.0358	2.9364e-06	5.6512e-07
7616.9725	2.8277e-06	5.5455e-07
7623.9092	2.8277e-06	5.5455e-07
7630.8459	3.3715e-06	6.0553e-07
7637.7826	3.5890e-06	6.2476e-07
7644.7193	3.2627e-06	5.9569e-07
7651.6560	2.1751e-06	4.8638e-07
7658.5927	3.0452e-06	5.7549e-07
7665.5294	2.7189e-06	5.4378e-07
7672.4661	3.0452e-06	5.7549e-07
7679.4028	3.4802e-06	6.1522e-07
7686.3395	4.4590e-06	6.9638e-07
7693.2762	3.4802e-06	6.1522e-07
7700.2129	3.1539e-06	5.8567e-07
7707.1496	3.6977e-06	6.3416e-07
7714.0863	3.1539e-06	5.8567e-07
7721.0230	3.1539e-06	5.8567e-07
7727.9597	2.6102e-06	5.3280e-07
7734.8964	2.8277e-06	5.5455e-07
7741.8331	4.7853e-06	7.2141e-07
7748.7698	3.5890e-06	6.2476e-07
7755.7065	4.1328e-06	6.7042e-07
7762.6432	3.9152e-06	6.5254e-07
7769.5799	4.2415e-06	6.7919e-07
7776.5166	4.0240e-06	6.6154e-07
7783.4533	3.8065e-06	6.4341e-07
7790.3900	3.0452e-06	5.7549e-07
7797.3267	3.1539e-06	5.8567e-07
7804.2634	3.2627e-06	5.9569e-07
7811.2001	3.2627e-06	5.9569e-07
7818.1368	3.5890e-06	6.2476e-07
7825.0735	3.1539e-06	5.8567e-07
7832.0102	4.6765e-06	7.1317e-07
7838.9469	2.2839e-06	4.9839e-07
7845.8836	4.4590e-06	6.9638e-07
7852.8203	4.2415e-06	6.7919e-07
7859.7570	4.2415e-06	6.7919e-07
7866.6937	3.6977e-06	6.3416e-07
7873.6304	4.7853e-06	7.2141e-07
7880.5671	3.5890e-06	6.2476e-07
7887.5038	3.3715e-06	6.0553e-07
7894.4405	4.5678e-06	7.0483e-07
7901.3772	3.6977e-06	6.3416e-07
7908.3139	4.2415e-06	6.7919e-07
7915.2506	4.3503e-06	6.8784e-07
7922.1873	3.6977e-06	6.3416e-07
7929.1240	4.5678e-06	7.0483e-07
7936.0607	3.6977e-06	6.3416e-07
7942.9974	5.3291e-06	7.6130e-07
7949.9341	4.8941e-06	7.2956e-07
7956.8708	4.8941e-06	7.2956e-07
7963.8075	4.6765e-06	7.1317e-07
7970.7442	4.6765e-06	7.1317e-07
7977.6809	6.8517e-06	8.6323e-07
7984.6176	5.5466e-06	7.7668e-07
7991.5543	4.5678e-06	7.0483e-07
7998.4910	5.3291e-06	7.6130e-07
8005.4277	6.7429e-06	8.5635e-07
8012.3644	5.5466e-06	7.7668e-07
8019.3011	5.8729e-06	7.9920e-07
8026.2378	5.6553e-06	7.8426e-07
8033.1745	5.9816e-06	8.0656e-07
8040.1112	5.6553e-06	7.8426e-07
8047.0479	6.3079e-06	8.2827e-07
8053.9846	5.3291e-06	7.6130e-07
8060.9213	6.4166e-06	8.3538e-07
8067.8580	6.5254e-06	8.4243e-07
8074.7947	7.0692e-06	8.7683e-07
8081.7314	4.8941e-06	7.2956e-07
8088.6681	6.3079e-06	8.2827e-07
8095.6048	5.6553e-06	7.8426e-07
8102.5415	4.6765e-06	7.1317e-07
8109.4782	6.0904e-06	8.1386e-07
8116.4149	5.8729e-06	7.9920e-07
8123.3516	5.1116e-06	7.4560e-07
8130.2883	3.9152e-06	6.5254e-07
8137.2250	6.0904e-06	8.1386e-07
8144.1617	5.6553e-06	7.8426e-07
8151.0984	3.9152e-06	6.5254e-07
8158.0351	4.5678e-06	7.0483e-07
8164.9718	5.2203e-06	7.5349e-07
8171.9085	3.2627e-06	5.9569e-07
8178.8452	4.7853e-06	7.2141e-07
8185.7819	3.8065e-06	6.4341e-07
8192.7186	4.0240e-06	6.6154e-07
8199.6553	4.3503e-06	6.8784e-07
8206.5920	4.1328e-06	6.7042e-07
8213.5287	4.0240e-06	6.6154e-07
8220.4654	2.9364e-06	5.6512e-07
8227.4021	3.3715e-06	6.0553e-07
8234.3388	3.0452e-06	5.7549e-07
8241.2755	2.8277e-06	5.5455e-07
8248.2122	2.9364e-06	5.6512e-07
8255.1489	2.0664e-06	4.7406e-07
8262.0856	2.6102e-06	5.3280e-07
8269.0223	2.8277e-06	5.5455e-07
8275.9590	1.7401e-06	4.3503e-07
8282.8957	1.6314e-06	4.2121e-07
8289.8324	3.3715e-06	6.0553e-07
8296.7691	3.0452e-06	5.7549e-07
8303.7058	2.1751e-06	4.8638e-07
8310.6425	3.5890e-06	6.2476e-07
8317.5792	2.8277e-06	5.5455e-07
8324.5159	2.1751e-06	4.8638e-07
8331.4526	3.0452e-06	5.7549e-07
8338.3893	2.3926e-06	5.1011e-07
8345.3260	2.3926e-06	5.1011e-07
8352.2627	1.8489e-06	4.4842e-07
8359.1994	3.1539e-06	5.8567e-07
8366.1361	3.2627e-06	5.9569e-07
8373.0728	3.6977e-06	6.3416e-07
8380.0095	3.9152e-06	6.5254e-07
8386.9462	2.6102e-06	5.3280e-07
8393.8829	2.6102e-06	5.3280e-07
8400.8196	2.1751e-06	4.8638e-07
8407.7563	1.5226e-06	4.0693e-07
8414.6930	2.5014e-06	5.2158e-07
8421.6297	3.4802e-06	6.1522e-07
8428.5664	4.0240e-06	6.6154e-07
8435.5031	3.0452e-06	5.7549e-07
8442.4398	3.2627e-06	5.9569e-07
8449.3765	3.2627e-06	5.9569e-07
8456.3132	4.0240e-06	6.6154e-07
8463.2499	3.0452e-06	5.7549e-07
8470.1866	2.0664e-06	4.7406e-07
8477.1233	2.8277e-06	5.5455e-07
8484.0600	2.9364e-06	5.6512e-07
8490.9967	2.1751e-06	4.8638e-07
8497.9334	3.9152e-06	6.5254e-07
8504.8701	3.6977e-06	6.3416e-07
8511.8068	3.0452e-06	5.7549e-07
8518.7435	3.2627e-06	5.9569e-07
8525.6802	3.0452e-06	5.7549e-07
8532.6169	2.1751e-06	4.8638e-07
8539.5536	2.1751e-06	4.8638e-07
8546.4903	3.9152e-06	6.5254e-07
8553.4270	2.2839e-06	4.9839e-07
8560.3637	3.3715e-06	6.0553e-07
8567.3004	2.2839e-06	4.9839e-07
8574.2371	2.3926e-06	5.1011e-07
8581.1738	3.6977e-06	6.3416e-07
8588.1105	2.8277e-06	5.5455e-07
8595.0472	2.6102e-06	5.3280e-07
8601.9839	2.5014e-06	5.2158e-07
8608.9206	2.6102e-06	5.3280e-07
8615.8573	3.2627e-06	5.9569e-07
8622.7940	3.8065e-06	6.4341e-07
8629.7307	2.5014e-06	5.2158e-07
8636.6674	3.2627e-06	5.9569e-07
8643.6041	3.1539e-06	5.8567e-07
8650.5408	2.7189e-06	5.4378e-07
8657.4775	2.6102e-06	5.3280e-07
8664.4142	2.3926e-06	5.1011e-07
8671.3509	1.9576e-06	4.6142e-07
8678.2876	2.9364e-06	5.6512e-07
8685.2243	2.3926e-06	5.1011e-07
8692.1610	2.7189e-06	5.4378e-07
8699.0977	2.3926e-06	5.1011e-07
8706.0344	3.3715e-06	6.0553e-07
8712.9711	3.4802e-06	6.1522e-07
8719.9078	2.6102e-06	5.3280e-07
8726.8445	3.5890e-06	6.2476e-07
8733.7812	2.3926e-06	5.1011e-07
8740.7179	2.9364e-06	5.6512e-07
8747.6546	2.6102e-06	5.3280e-07
8754.5913	2.8277e-06	5.5455e-07
8761.5280	2.3926e-06	5.1011e-07
8768.4647	2.2839e-06	4.9839e-07
8775.4014	3.5890e-06	6.2476e-07
8782.3381	2.8277e-06	5.5455e-07
8789.2748	2.6102e-06	5.3280e-07
8796.2115	3.3715e-06	6.0553e-07
8803.1482	2.2839e-06	4.9839e-07
8810.0849	1.6314e-06	4.2121e-07
8817.0216	4.0240e-06	6.6154e-07
8823.9583	2.8277e-06	5.5455e-07
8830.8950	4.2415e-06	6.7919e-07
8837.8317	3.2627e-06	5.9569e-07
8844.7684	3.4802e-06	6.1522e-07
8851.7051	1.9576e-06	4.6142e-07
8858.6418	3.1539e-06	5.8567e-07
8865.5785	3.4802e-06	6.1522e-07
8872.5152	3.6977e-06	6.3416e-07
8879.4519	4.2415e-06	6.7919e-07
8886.3886	2.8277e-06	5.5455e-07
8893.3253	2.2839e-06	4.9839e-07
8900.2620	3.4802e-06	6.1522e-07
8907.1987	2.9364e-06	5.6512e-07
8914.1354	3.4802e-06	6.1522e-07
8921.0721	3.0452e-06	5.7549e-07
8928.0088	3.1539e-06	5.8567e-07
8934.9455	3.0452e-06	5.7549e-07
8941.8822	2.6102e-06	5.3280e-07
8948.8189	3.3715e-06	6.0553e-07
8955.7556	3.2627e-06	5.9569e-07
8962.6923	3.8065e-06	6.4341e-07
8969.6290	2.9364e-06	5.6512e-07
8976.5657	2.6102e-06	5.3280e-07
8983.5024	3.9152e-06	6.5254e-07
8990.4391	3.2627e-06	5.9569e-07
8997.3758	2.1751e-06	4.8638e-07
9004.3125	3.5890e-06	6.2476e-07
9011.2492	2.3926e-06	5.1011e-07
9018.1859	4.5678e-06	7.0483e-07
9025.1226	2.8277e-06	5.5455e-07
9032.0593	3.1539e-06	5.8567e-07
9038.9960	2.7189e-06	5.4378e-07
9045.9327	3.0452e-06	5.7549e-07
9052.8694	2.6102e-06	5.3280e-07
9059.8061	3.1539e-06	5.8567e-07
9066.7428	2.5014e-06	5.2158e-07
9073.6795	1.8489e-06	4.4842e-07
9080.6162	1.9576e-06	4.6142e-07
9087.5529	3.8065e-06	6.4341e-07
9094.4896	3.9152e-06	6.5254e-07
9101.4263	3.5890e-06	6.2476e-07
9108.3630	2.2839e-06	4.9839e-07
9115.2997	2.5014e-06	5.2158e-07
9122.2364	2.8277e-06	5.5455e-07
9129.1731	3.5890e-06	6.2476e-07
9136.1098	3.2627e-06	5.9569e-07
9143.0465	2.8277e-06	5.5455e-07
9149.9832	2.2839e-06	4.9839e-07
9156.9199	3.0452e-06	5.7549e-07
9163.8566	2.3926e-06	5.1011e-07
9170.7933	2.9364e-06	5.6512e-07
9177.7300	3.4802e-06	6.1522e-07
9184.6667	1.9576e-06	4.6142e-07
9191.6034	1.8489e-06	4.4842e-07
9198.5401	2.7189e-06	5.4378e-07
9205.4768	2.1751e-06	4.8638e-07
9212.4135	2.2839e-06	4.9839e-07
9219.3502	2.3926e-06	5.1011e-07
9226.2869	2.5014e-06	5.2158e-07
9233.2236	3.1539e-06	5.8567e-07
9240.1603	1.8489e-06	4.4842e-07
9247.0970	1.9576e-06	4.6142e-07
9254.0337	1.8489e-06	4.4842e-07
9260.9704	3.3715e-06	6.0553e-07
9267.9071	3.0452e-06	5.7549e-07
9274.8438	2.2839e-06	4.9839e-07
9281.7805	2.7189e-06	5.4378e-07
9288.7172	2.3926e-06	5.1011e-07
9295.6539	2.7189e-06	5.4378e-07
9302.5906	3.9152e-06	6.5254e-07
9309.5273	2.2839e-06	4.9839e-07
9316.4640	2.3926e-06	5.1011e-07
9323.4007	3.0452e-06	5.7549e-07
9330.3374	2.2839e-06	4.9839e-07
9337.2741	2.8277e-06	5.5455e-07
9344.2108	3.3715e-06	6.0553e-07
9351.1475	3.2627e-06	5.9569e-07
9358.0842	2.9364e-06	5.6512e-07
9365.0209	2.9364e-06	5.6512e-07
9371.9576	2.1751e-06	4.8638e-07
9378.8943	3.0452e-06	5.7549e-07
9385.8310	2.1751e-06	4.8638e-07
9392.7677	3.6977e-06	6.3416e-07
9399.7044	2.9364e-06	5.6512e-07
9406.6411	2.2839e-06	4.9839e-07
9413.5778	3.2627e-06	5.9569e-07
9420.5145	2.7189e-06	5.4378e-07
9427.4512	2.1751e-06	4.8638e-07
9434.3879	2.9364e-06	5.6512e-07
9441.3246	2.6102e-06	5.3280e-07
9448.2613	3.0452e-06	5.7549e-07
9455.1980	3.1539e-06	5.8567e-07
9462.1347	2.2839e-06	4.9839e-07
9469.0714	2.5014e-06	5.2158e-07
9476.0081	3.4802e-06	6.1522e-07
9482.9448	3.0452e-06	5.7549e-07
9489.8815	2.5014e-06	5.2158e-07
9496.8182	3.2627e-06	5.9569e-07
9503.7549	2.9364e-06	5.6512e-07
9510.6916	2.9364e-06	5.6512e-07
9517.6283	2.9364e-06	5.6512e-07
9524.5650	2.3926e-06	5.1011e-07
9531.5017	3.3715e-06	6.0553e-07
9538.4384	3.0452e-06	5.7549e-07
9545.3751	2.6102e-06	5.3280e-07
9552.3118	3.5890e-06	6.2476e-07
9559.2485	3.8065e-06	6.4341e-07
9566.1852	3.3715e-06	6.0553e-07
9573.1219	2.3926e-06	5.1011e-07
9580.0586	3.0452e-06	5.7549e-07
9586.9953	3.5890e-06	6.2476e-07
9593.9320	3.0452e-06	5.7549e-07
9600.8687	4.1328e-06	6.7042e-07
9607.8054	3.9152e-06	6.5254e-07
9614.7421	3.6977e-06	6.3416e-07
9621.6788	3.2627e-06	5.9569e-07
9628.6155	3.8065e-06	6.4341e-07
9635.5522	4.1328e-06	6.7042e-07
9642.4889	3.6977e-06	6.3416e-07
9649.4256	4.2415e-06	6.7919e-07
9656.3623	3.3715e-06	6.0553e-07
9663.2990	3.8065e-06	6.4341e-07
9670.2357	3.8065e-06	6.4341e-07
9677.1724	3.4802e-06	6.1522e-07
9684.1091	4.2415e-06	6.7919e-07
9691.0458	4.2415e-06	6.7919e-07
9697.9825	4.8941e-06	7.2956e-07
9704.9192	5.1116e-06	7.4560e-07
9711.8559	4.2415e-06	6.7919e-07
9718.7926	3.8065e-06	6.4341e-07
9725.7293	4.3503e-06	6.8784e-07
9732.6660	3.0452e-06	5.7549e-07
9739.6027	3.9152e-06	6.5254e-07
9746.5394	3.9152e-06	6.5254e-07
9753.4761	3.4802e-06	6.1522e-07
9760.4128	3.8065e-06	6.4341e-07
9767.3495	4.0240e-06	6.6154e-07
9774.2862	4.1328e-06	6.7042e-07
9781.2229	3.3715e-06	6.0553e-07
9788.1596	4.5678e-06	7.0483e-07
9795.0963	5.0028e-06	7.3763e-07
9802.0330	5.0028e-06	7.3763e-07
9808.9697	3.6977e-06	6.3416e-07
9815.9064	5.0028e-06	7.3763e-07
9822.8431	3.0452e-06	5.7549e-07
9829.7798	3.1539e-06	5.8567e-07
9836.7165	3.1539e-06	5.8567e-07
9843.6532	3.2627e-06	5.9569e-07
9850.5899	3.0452e-06	5.7549e-07
9857.5266	3.3715e-06	6.0553e-07
9864.4633	2.9364e-06	5.6512e-07
9871.4000	2.8277e-06	5.5455e-07
9878.3367	2.6102e-06	5.3280e-07
9885.2734	3.3715e-06	6.0553e-07
9892.2101	3.1539e-06	5.8567e-07
9899.1468	3.6977e-06	6.3416e-07
9906.0835	3.0452e-06	5.7549e-07
9913.0202	2.1751e-06	4.8638e-07
9919.9569	2.7189e-06	5.4378e-07
9926.8936	2.5014e-06	5.2158e-07
9933.8303	3.3715e-06	6.0553e-07
9940.7670	2.6102e-06	5.3280e-07
9947.7037	3.0452e-06	5.7549e-07
9954.6404	1.5226e-06	4.0693e-07
9961.5771	1.9576e-06	4.6142e-07
9968.5138	3.0452e-06	5.7549e-07
9975.4505	2.7189e-06	5.4378e-07
9982.3872	2.8277e-06	5.5455e-07
9989.3239	3.3715e-06	6.0553e-07
9996.2606	2.2839e-06	4.9839e-07
10003.1973	2.9364e-06	5.6512e-07
10010.1340	2.0664e-06	4.7406e-07
10017.0707	1.8489e-06	4.4842e-07
10024.0074	2.9364e-06	5.6512e-07
10030.9441	3.0452e-06	5.7549e-07
10037.8808	2.2839e-06	4.9839e-07
10044.8175	2.3926e-06	5.1011e-07
10051.7542	2.9364e-06	5.6512e-07
10058.6909	3.1539e-06	5.8567e-07
10065.6276	2.9364e-06	5.6512e-07
10072.5643	2.1751e-06	4.8638e-07
10079.5010	2.2839e-06	4.9839e-07
10086.4377	2.2839e-06	4.9839e-07
10093.3744	2.5014e-06	5.2158e-07
10100.3111	2.7189e-06	5.4378e-07
10107.2478	2.1751e-06	4.8638e-07
10114.1845	2.6102e-06	5.3280e-07
10121.1212	2.9364e-06	5.6512e-07
10128.0579	2.9364e-06	5.6512e-07
10134.9946	2.3926e-06	5.1011e-07
10141.9313	3.3715e-06	6.0553e-07
10148.8680	2.7189e-06	5.4378e-07
10155.8047	2.9364e-06	5.6512e-07
10162.7414	3.0452e-06	5.7549e-07
10169.6781	2.8277e-06	5.5455e-07
10176.6148	2.0664e-06	4.7406e-07
10183.5515	2.5014e-06	5.2158e-07
10190.4882	2.5014e-06	5.2158e-07
10197.4249	3.9152e-06	6.5254e-07
10204.3616	2.6102e-06	5.3280e-07
10211.2983	2.2839e-06	4.9839e-07
10218.2350	4.0240e-06	6.6154e-07
10225.1717	2.1751e-06	4.8638e-07
10232.1084	2.5014e-06	5.2158e-07
10239.0451	2.1751e-06	4.8638e-07
10245.9818	3.3715e-06	6.0553e-07
10252.9185	3.8065e-06	6.4341e-07
10259.8552	2.1751e-06	4.8638e-07
10266.7919	1.5226e-06	4.0693e-07
10273.7286	2.7189e-06	5.4378e-07
10280.6653	2.0664e-06	4.7406e-07
10287.6020	2.0664e-06	4.7406e-07
10294.5387	2.8277e-06	5.5455e-07
10301.4754	2.9364e-06	5.6512e-07
10308.4121	1.7401e-06	4.3503e-07
10315.3488	2.1751e-06	4.8638e-07
10322.2855	2.9364e-06	5.6512e-07
10329.2222	2.7189e-06	5.4378e-07
10336.1589	2.9364e-06	5.6512e-07
10343.0956	3.6977e-06	6.3416e-07
10350.0323	2.6102e-06	5.3280e-07
10356.9690	1.9576e-06	4.6142e-07
10363.9057	1.7401e-06	4.3503e-07
10370.8424	2.3926e-06	5.1011e-07
10377.7791	2.8277e-06	5.5455e-07
10384.7158	2.5014e-06	5.2158e-07
10391.6525	2.7189e-06	5.4378e-07
10398.5892	1.6314e-06	4.2121e-07
10405.5259	2.3926e-06	5.1011e-07
10412.4626	2.8277e-06	5.5455e-07
10419.3993	2.9364e-06	5.6512e-07
10426.3360	2.5014e-06	5.2158e-07
10433.2727	2.0664e-06	4.7406e-07
10440.2094	2.5014e-06	5.2158e-07
10447.1461	2.1751e-06	4.8638e-07
10454.0828	2.1751e-06	4.8638e-07
10461.0195	2.9364e-06	5.6512e-07
10467.9562	3.6977e-06	6.3416e-07
10474.8929	2.2839e-06	4.9839e-07
10481.8296	3.1539e-06	5.8567e-07
10488.7663	3.1539e-06	5.8567e-07
10495.7030	2.1751e-06	4.8638e-07
10502.6397	3.4802e-06	6.1522e-07
10509.5764	2.0664e-06	4.7406e-07
10516.5131	3.9152e-06	6.5254e-07
10523.4498	4.5678e-06	7.0483e-07
10530.3865	2.2839e-06	4.9839e-07
10537.3232	2.3926e-06	5.1011e-07
10544.2599	3.3715e-06	6.0553e-07
10551.1966	3.1539e-06	5.8567e-07
10558.1333	2.9364e-06	5.6512e-07
10565.0700	3.3715e-06	6.0553e-07
10572.0067	3.2627e-06	5.9569e-07
10578.9434	3.6977e-06	6.3416e-07
10585.8801	4.5678e-06	7.0483e-07
10592.8168	2.2839e-06	4.9839e-07
10599.7535	3.1539e-06	5.8567e-07
10606.6902	3.0452e-06	5.7549e-07
10613.6269	2.9364e-06	5.6512e-07
10620.5636	2.6102e-06	5.3280e-07
10627.5003	3.0452e-06	5.7549e-07
10634.4370	2.6102e-06	5.3280e-07
10641.3737	1.9576e-06	4.6142e-07
10648.3104	1.9576e-06	4.6142e-07
10655.2471	2.6102e-06	5.3280e-07
10662.1838	2.2839e-06	4.9839e-07
10669.1205	2.5014e-06	5.2158e-07
10676.0572	3.1539e-06	5.8567e-07
10682.9939	3.2627e-06	5.9569e-07
10689.9306	2.3926e-06	5.1011e-07
10696.8673	2.3926e-06	5.1011e-07
10703.8040	2.6102e-06	5.3280e-07
10710.7407	1.5226e-06	4.0693e-07
10717.6774	2.1751e-06	4.8638e-07
10724.6141	2.8277e-06	5.5455e-07
10731.5508	2.3926e-06	5.1011e-07
10738.4875	2.2839e-06	4.9839e-07
10745.4242	3.0452e-06	5.7549e-07
10752.3609	2.7189e-06	5.4378e-07
10759.2976	2.1751e-06	4.8638e-07
10766.2343	2.6102e-06	5.3280e-07
10773.1710	2.1751e-06	4.8638e-07
10780.1077	2.7189e-06	5.4378e-07
10787.0444	1.8489e-06	4.4842e-07
10793.9811	2.8277e-06	5.5455e-07
10800.9178	2.3926e-06	5.1011e-07
10807.8545	2.5014e-06	5.2158e-07
10814.7912	2.6102e-06	5.3280e-07
10821.7279	2.3926e-06	5.1011e-07
10828.6646	2.8277e-06	5.5455e-07
10835.6013	2.3926e-06	5.1011e-07
10842.5380	1.3051e-06	3.7674e-07
10849.4747	3.2627e-06	5.9569e-07
10856.4114	1.4138e-06	3.9213e-07
10863.3481	1.8489e-06	4.4842e-07
10870.2848	1.7401e-06	4.3503e-07
10877.2215	1.9576e-06	4.6142e-07
10884.1582	3.1539e-06	5.8567e-07
10891.0949	1.8489e-06	4.4842e-07
10898.0316	2.0664e-06	4.7406e-07
10904.9683	1.7401e-06	4.3503e-07
10911.9050	2.0664e-06	4.7406e-07
10918.8417	4.0240e-06	6.6154e-07
10925.7784	2.9364e-06	5.6512e-07
10932.7151	3.2627e-06	5.9569e-07
10939.6518	2.5014e-06	5.2158e-07
10946.5885	2.8277e-06	5.5455e-07
10953.5252	1.3051e-06	3.7674e-07
10960.4619	3.6977e-06	6.3416e-07
10967.3986	2.9364e-06	5.6512e-07
10974.3353	2.7189e-06	5.4378e-07
10981.2720	1.5226e-06	4.0693e-07
10988.2087	3.6977e-06	6.3416e-07
10995.1454	2.1751e-06	4.8638e-07
11002.0821	2.7189e-06	5.4378e-07
11009.0188	2.9364e-06	5.6512e-07
11015.9555	2.0664e-06	4.7406e-07
11022.8922	2.6102e-06	5.3280e-07
11029.8289	2.5014e-06	5.2158e-07
11036.7656	1.8489e-06	4.4842e-07
11043.7023	2.6102e-06	5.3280e-07
11050.6390	2.6102e-06	5.3280e-07
11057.5757	2.7189e-06	5.4378e-07
11064.5124	1.5226e-06	4.0693e-07
11071.4491	2.7189e-06	5.4378e-07
11078.3858	2.0664e-06	4.7406e-07
11085.3225	2.9364e-06	5.6512e-07
11092.2592	3.4802e-06	6.1522e-07
11099.1959	1.6314e-06	4.2121e-07
11106.1326	3.3715e-06	6.0553e-07
11113.0693	2.3926e-06	5.1011e-07
11120.0060	3.8065e-06	6.4341e-07
11126.9427	3.0452e-06	5.7549e-07
11133.8794	4.0240e-06	6.6154e-07
11140.8161	3.1539e-06	5.8567e-07
11147.7528	3.2627e-06	5.9569e-07
11154.6895	2.3926e-06	5.1011e-07
11161.6262	2.5014e-06	5.2158e-07
11168.5629	2.9364e-06	5.6512e-07
11175.4996	2.7189e-06	5.4378e-07
11182.4363	3.4802e-06	6.1522e-07
11189.3730	3.4802e-06	6.1522e-07
11196.3097	2.2839e-06	4.9839e-07
11203.2464	2.1751e-06	4.8638e-07
11210.1831	2.1751e-06	4.8638e-07
11217.1198	2.9364e-06	5.6512e-07
11224.0565	2.1751e-06	4.8638e-07
11230.9932	3.3715e-06	6.0553e-07
11237.9299	3.3715e-06	6.0553e-07
11244.8666	1.7401e-06	4.3503e-07
11251.8033	2.7189e-06	5.4378e-07
11258.7400	3.0452e-06	5.7549e-07
11265.6767	2.7189e-06	5.4378e-07
11272.6134	2.3926e-06	5.1011e-07
11279.5501	2.6102e-06	5.3280e-07
11286.4868	2.8277e-06	5.5455e-07
11293.4235	2.6102e-06	5.3280e-07
11300.3602	2.6102e-06	5.3280e-07
11307.2969	2.7189e-06	5.4378e-07
11314.2336	3.3715e-06	6.0553e-07
11321.1703	3.1539e-06	5.8567e-07
11328.1070	1.6314e-06	4.2121e-07
11335.0437	3.4802e-06	6.1522e-07
11341.9804	3.9152e-06	6.5254e-07
11348.9171	3.4802e-06	6.1522e-07
11355.8538	3.5890e-06	6.2476e-07
11362.7905	3.2627e-06	5.9569e-07
11369.7272	3.8065e-06	6.4341e-07
11376.6639	3.9152e-06	6.5254e-07
11383.6006	2.8277e-06	5.5455e-07
11390.5373	3.9152e-06	6.5254e-07
11397.4740	3.8065e-06	6.4341e-07
11404.4107	2.0664e-06	4.7406e-07
11411.3474	4.3503e-06	6.8784e-07
11418.2841	3.5890e-06	6.2476e-07
11425.2208	3.6977e-06	6.3416e-07
11432.1575	3.6977e-06	6.3416e-07
11439.0942	3.9152e-06	6.5254e-07
11446.0309	3.5890e-06	6.2476e-07
11452.9676	3.9152e-06	6.5254e-07
11459.9043	5.3291e-06	7.6130e-07
11466.8410	4.2415e-06	6.7919e-07
11473.7777	3.6977e-06	6.3416e-07
11480.7144	4.6765e-06	7.1317e-07
11487.6511	3.5890e-06	6.2476e-07
11494.5878	4.0240e-06	6.6154e-07
11501.5245	4.0240e-06	6.6154e-07
11508.4612	4.5678e-06	7.0483e-07
11515.3979	3.6977e-06	6.3416e-07
11522.3346	4.0240e-06	6.6154e-07
11529.2713	3.9152e-06	6.5254e-07
11536.2080	3.4802e-06	6.1522e-07
11543.1447	3.5890e-06	6.2476e-07
11550.0814	3.8065e-06	6.4341e-07
11557.0181	4.1328e-06	6.7042e-07
11563.9548	4.4590e-06	6.9638e-07
11570.8915	3.8065e-06	6.4341e-07
11577.8282	3.5890e-06	6.2476e-07
11584.7649	4.6765e-06	7.1317e-07
11591.7016	3.4802e-06	6.1522e-07
11598.6383	3.3715e-06	6.0553e-07
11605.5750	3.3715e-06	6.0553e-07
11612.5117	3.8065e-06	6.4341e-07
11619.4484	2.9364e-06	5.6512e-07
11626.3851	3.4802e-06	6.1522e-07
11633.3218	3.5890e-06	6.2476e-07
11640.2585	2.8277e-06	5.5455e-07
11647.1952	2.6102e-06	5.3280e-07
11654.1319	3.1539e-06	5.8567e-07
11661.0686	3.8065e-06	6.4341e-07
11668.0053	3.0452e-06	5.7549e-07
11674.9420	2.8277e-06	5.5455e-07
11681.8787	2.9364e-06	5.6512e-07
11688.8154	3.9152e-06	6.5254e-07
11695.7521	2.6102e-06	5.3280e-07
11702.6888	2.9364e-06	5.6512e-07
11709.6255	3.0452e-06	5.7549e-07
11716.5622	2.6102e-06	5.3280e-07
11723.4989	3.0452e-06	5.7549e-07
11730.4356	2.3926e-06	5.1011e-07
11737.3723	2.2839e-06	4.9839e-07
11744.3090	2.8277e-06	5.5455e-07
11751.2457	1.9576e-06	4.6142e-07
11758.1824	2.1751e-06	4.8638e-07
11765.1191	2.2839e-06	4.9839e-07
11772.0558	2.3926e-06	5.1011e-07
11778.9925	2.6102e-06	5.3280e-07
11785.9292	2.8277e-06	5.5455e-07
11792.8659	2.2839e-06	4.9839e-07
11799.8026	2.1751e-06	4.8638e-07
11806.7393	2.7189e-06	5.4378e-07
11813.6760	1.8489e-06	4.4842e-07
11820.6127	3.8065e-06	6.4341e-07
11827.5494	2.8277e-06	5.5455e-07
11834.4861	1.5226e-06	4.0693e-07
11841.4228	2.3926e-06	5.1011e-07
11848.3595	2.7189e-06	5.4378e-07
11855.2962	2.8277e-06	5.5455e-07
11862.2329	3.1539e-06	5.8567e-07
11869.1696	2.5014e-06	5.2158e-07
11876.1063	3.3715e-06	6.0553e-07
11883.0430	2.2839e-06	4.9839e-07
11889.9797	2.8277e-06	5.5455e-07
11896.9164	2.7189e-06	5.4378e-07
11903.8531	1.6314e-06	4.2121e-07
11910.7898	2.7189e-06	5.4378e-07
11917.7265	2.9364e-06	5.6512e-07
11924.6632	2.3926e-06	5.1011e-07
11931.5999	2.3926e-06	5.1011e-07
11938.5366	1.1963e-06	3.6071e-07
11945.4733	2.5014e-06	5.2158e-07
11952.4100	2.0664e-06	4.7406e-07
11959.3467	2.5014e-06	5.2158e-07
11966.2834	2.2839e-06	4.9839e-07
11973.2201	2.0664e-06	4.7406e-07
11980.1568	2.3926e-06	5.1011e-07
11987.0935	2.8277e-06	5.5455e-07
11994.0302	2.6102e-06	5.3280e-07
12000.9669	2.5014e-06	5.2158e-07
12007.9036	2.9364e-06	5.6512e-07
12014.8403	2.3926e-06	5.1011e-07
12021.7770	2.2839e-06	4.9839e-07
12028.7137	2.9364e-06	5.6512e-07
12035.6504	2.5014e-06	5.2158e-07
12042.5871	2.0664e-06	4.7406e-07
12049.5238	1.9576e-06	4.6142e-07
12056.4605	2.7189e-06	5.4378e-07
12063.3972	9.7881e-07	3.2627e-07
12070.3339	2.3926e-06	5.1011e-07
12077.2706	2.0664e-06	4.7406e-07
12084.2073	2.8277e-06	5.5455e-07
12091.1440	1.6314e-06	4.2121e-07
12098.0807	1.6314e-06	4.2121e-07
12105.0174	2.7189e-06	5.4378e-07
12111.9541	2.8277e-06	5.5455e-07
12118.8908	2.6102e-06	5.3280e-07
12125.8275	1.8489e-06	4.4842e-07
12132.7642	2.9364e-06	5.6512e-07
12139.7009	1.6314e-06	4.2121e-07
12146.6376	2.2839e-06	4.9839e-07
12153.5743	2.0664e-06	4.7406e-07
12160.5110	1.8489e-06	4.4842e-07
12167.4477	1.5226e-06	4.0693e-07
12174.3844	2.9364e-06	5.6512e-07
12181.3211	2.2839e-06	4.9839e-07
12188.2578	1.8489e-06	4.4842e-07
12195.1945	2.3926e-06	5.1011e-07
12202.1312	3.3715e-06	6.0553e-07
12209.0679	2.1751e-06	4.8638e-07
12216.0046	1.9576e-06	4.6142e-07
12222.9413	2.0664e-06	4.7406e-07
12229.8780	1.5226e-06	4.0693e-07
12236.8147	1.5226e-06	4.0693e-07
12243.7514	1.6314e-06	4.2121e-07
12250.6881	2.7189e-06	5.4378e-07
12257.6248	2.8277e-06	5.5455e-07
12264.5615	2.6102e-06	5.3280e-07
12271.4982	1.9576e-06	4.6142e-07
12278.4349	2.7189e-06	5.4378e-07
12285.3716	2.3926e-06	5.1011e-07
12292.3083	2.1751e-06	4.8638e-07
12299.2450	2.6102e-06	5.3280e-07
12306.1817	3.8065e-06	6.4341e-07
12313.1184	3.1539e-06	5.8567e-07
12320.0551	2.9364e-06	5.6512e-07
12326.9918	2.5014e-06	5.2158e-07
12333.9285	3.2627e-06	5.9569e-07
12340.8652	2.6102e-06	5.3280e-07
12347.8019	2.0664e-06	4.7406e-07
12354.7386	2.2839e-06	4.9839e-07
12361.6753	3.5890e-06	6.2476e-07
12368.6120	2.3926e-06	5.1011e-07
12375.5487	2.6102e-06	5.3280e-07
12382.4854	2.1751e-06	4.8638e-07
12389.4221	1.1963e-06	3.6071e-07
12396.3588	2.5014e-06	5.2158e-07
12403.2955	2.3926e-06	5.1011e-07
12410.2322	2.5014e-06	5.2158e-07
12417.1689	2.3926e-06	5.1011e-07
12424.1056	2.0664e-06	4.7406e-07
12431.0423	2.1751e-06	4.8638e-07
12437.9790	2.6102e-06	5.3280e-07
12444.9157	2.3926e-06	5.1011e-07
12451.8524	2.5014e-06	5.2158e-07
12458.7891	3.0452e-06	5.7549e-07
12465.7258	2.2839e-06	4.9839e-07
12472.6625	3.4802e-06	6.1522e-07
12479.5992	2.2839e-06	4.9839e-07
12486.5359	2.9364e-06	5.6512e-07
12493.4726	2.1751e-06	4.8638e-07
12500.4093	2.1751e-06	4.8638e-07
12507.3460	2.8277e-06	5.5455e-07
12514.2827	2.5014e-06	5.2158e-07
12521.2194	2.2839e-06	4.9839e-07
12528.1561	2.5014e-06	5.2158e-07
12535.0928	2.7189e-06	5.4378e-07
12542.0295	3.3715e-06	6.0553e-07
12548.9662	2.8277e-06	5.5455e-07
12555.9029	2.9364e-06	5.6512e-07
12562.8396	2.6102e-06	5.3280e-07
12569.7763	2.8277e-06	5.5455e-07
12576.7130	3.5890e-06	6.2476e-07
12583.6497	2.8277e-06	5.5455e-07
12590.5864	3.4802e-06	6.1522e-07
12597.5231	2.3926e-06	5.1011e-07
12604.4598	3.3715e-06	6.0553e-07
12611.3965	3.5890e-06	6.2476e-07
12618.3332	2.9364e-06	5.6512e-07
12625.2699	2.8277e-06	5.5455e-07
12632.2066	2.8277e-06	5.5455e-07
12639.1433	3.0452e-06	5.7549e-07
12646.0800	3.9152e-06	6.5254e-07
12653.0167	2.2839e-06	4.9839e-07
12659.9534	2.6102e-06	5.3280e-07
12666.8901	2.3926e-06	5.1011e-07
12673.8268	3.0452e-06	5.7549e-07
12680.7635	2.2839e-06	4.9839e-07
12687.7002	2.0664e-06	4.7406e-07
12694.6369	4.1328e-06	6.7042e-07
12701.5736	3.0452e-06	5.7549e-07
12708.5103	4.3503e-06	6.8784e-07
12715.4470	2.2839e-06	4.9839e-07
12722.3837	2.3926e-06	5.1011e-07
12729.3204	2.5014e-06	5.2158e-07
12736.2571	2.9364e-06	5.6512e-07
12743.1938	2.3926e-06	5.1011e-07
12750.1305	3.1539e-06	5.8567e-07
12757.0672	1.5226e-06	4.0693e-07
12764.0039	2.5014e-06	5.2158e-07
12770.9406	2.5014e-06	5.2158e-07
12777.8773	2.8277e-06	5.5455e-07
12784.8140	3.6977e-06	6.3416e-07
12791.7507	2.5014e-06	5.2158e-07
12798.6874	1.9576e-06	4.6142e-07
12805.6241	3.0452e-06	5.7549e-07
12812.5608	2.8277e-06	5.5455e-07
12819.4975	2.2839e-06	4.9839e-07
12826.4342	2.9364e-06	5.6512e-07
12833.3709	2.7189e-06	5.4378e-07
12840.3076	2.5014e-06	5.2158e-07
12847.2443	2.1751e-06	4.8638e-07
12854.1810	2.3926e-06	5.1011e-07
12861.1177	3.0452e-06	5.7549e-07
12868.0544	1.7401e-06	4.3503e-07
12874.9911	2.1751e-06	4.8638e-07
12881.9278	2.2839e-06	4.9839e-07
12888.8645	2.0664e-06	4.7406e-07
12895.8012	1.7401e-06	4.3503e-07
12902.7379	2.5014e-06	5.2158e-07
12909.6746	3.1539e-06	5.8567e-07
12916.6113	3.5890e-06	6.2476e-07
12923.5480	1.1963e-06	3.6071e-07
12930.4847	2.3926e-06	5.1011e-07
12937.4214	3.1539e-06	5.8567e-07
12944.3581	2.2839e-06	4.9839e-07
12951.2948	2.0664e-06	4.7406e-07
12958.2315	1.7401e-06	4.3503e-07
12965.1682	3.0452e-06	5.7549e-07
12972.1049	2.1751e-06	4.8638e-07
12979.0416	2.6102e-06	5.3280e-07
12985.9783	1.8489e-06	4.4842e-07
12992.9150	2.2839e-06	4.9839e-07
12999.8517	2.2839e-06	4.9839e-07
13006.7884	3.5890e-06	6.2476e-07
13013.7251	2.6102e-06	5.3280e-07
13020.6618	2.1751e-06	4.8638e-07
13027.5985	2.0664e-06	4.7406e-07
13034.5352	2.7189e-06	5.4378e-07
13041.4719	2.3926e-06	5.1011e-07
13048.4086	1.8489e-06	4.4842e-07
13055.3453	1.5226e-06	4.0693e-07
13062.2820	3.9152e-06	6.5254e-07
13069.2187	2.6102e-06	5.3280e-07
13076.1554	3.1539e-06	5.8567e-07
13083.0921	2.3926e-06	5.1011e-07
13090.0288	2.0664e-06	4.7406e-07
13096.9655	2.5014e-06	5.2158e-07
13103.9022	2.7189e-06	5.4378e-07
13110.8389	2.1751e-06	4.8638e-07
13117.7756	1.7401e-06	4.3503e-07
13124.7123	2.3926e-06	5.1011e-07
13131.6490	2.2839e-06	4.9839e-07
13138.5857	2.8277e-06	5.5455e-07
13145.5224	1.1963e-06	3.6071e-07
13152.4591	3.2627e-06	5.9569e-07
13159.3958	2.1751e-06	4.8638e-07
13166.3325	2.5014e-06	5.2158e-07
13173.2692	2.0664e-06	4.7406e-07
13180.2059	1.9576e-06	4.6142e-07
13187.1426	3.2627e-06	5.9569e-07
13194.0793	3.5890e-06	6.2476e-07
13201.0160	2.5014e-06	5.2158e-07
13207.9527	2.6102e-06	5.3280e-07
13214.8894	1.9576e-06	4.6142e-07
13221.8261	1.7401e-06	4.3503e-07
13228.7628	2.1751e-06	4.8638e-07
13235.6995	2.5014e-06	5.2158e-07
13242.6362	2.0664e-06	4.7406e-07
13249.5729	2.0664e-06	4.7406e-07
13256.5096	2.8277e-06	5.5455e-07
13263.4463	2.0664e-06	4.7406e-07
13270.3830	2.3926e-06	5.1011e-07
13277.3197	2.7189e-06	5.4378e-07
13284.2564	1.8489e-06	4.4842e-07
13291.1931	2.5014e-06	5.2158e-07
13298.1298	2.9364e-06	5.6512e-07
13305.0665	2.3926e-06	5.1011e-07
13312.0032	2.6102e-06	5.3280e-07
13318.9399	2.7189e-06	5.4378e-07
13325.8766	2.6102e-06	5.3280e-07
13332.8133	2.3926e-06	5.1011e-07
13339.7500	2.5014e-06	5.2158e-07
13346.6867	2.0664e-06	4.7406e-07
13353.6234	2.8277e-06	5.5455e-07
13360.5601	2.5014e-06	5.2158e-07
13367.4968	2.3926e-06	5.1011e-07
13374.4335	1.9576e-06	4.6142e-07
13381.3702	2.5014e-06	5.2158e-07
13388.3069	2.6102e-06	5.3280e-07
13395.2436	2.2839e-06	4.9839e-07
13402.1803	2.3926e-06	5.1011e-07
13409.1170	2.6102e-06	5.3280e-07
13416.0537	3.5890e-06	6.2476e-07
13422.9904	3.1539e-06	5.8567e-07
13429.9271	2.1751e-06	4.8638e-07
13436.8638	2.2839e-06	4.9839e-07
13443.8005	2.3926e-06	5.1011e-07
13450.7372	2.8277e-06	5.5455e-07
13457.6739	2.6102e-06	5.3280e-07
13464.6106	3.1539e-06	5.8567e-07
13471.5473	2.1751e-06	4.8638e-07
13478.4840	2.3926e-06	5.1011e-07
13485.4207	2.8277e-06	5.5455e-07
13492.3574	2.7189e-06	5.4378e-07
13499.2941	2.2839e-06	4.9839e-07
13506.2308	2.3926e-06	5.1011e-07
13513.1675	2.2839e-06	4.9839e-07
13520.1042	1.5226e-06	4.0693e-07
13527.0409	1.6314e-06	4.2121e-07
13533.9776	1.8489e-06	4.4842e-07
13540.9143	2.0664e-06	4.7406e-07
13547.8510	1.9576e-06	4.6142e-07
13554.7877	3.3715e-06	6.0553e-07
13561.7244	2.8277e-06	5.5455e-07
13568.6611	2.3926e-06	5.1011e-07
13575.5978	2.2839e-06	4.9839e-07
13582.5345	3.0452e-06	5.7549e-07
13589.4712	2.2839e-06	4.9839e-07
13596.4079	2.9364e-06	5.6512e-07
13603.3446	1.5226e-06	4.0693e-07
13610.2813	2.8277e-06	5.5455e-07
13617.2180	3.3715e-06	6.0553e-07
13624.1547	1.9576e-06	4.6142e-07
13631.0914	2.3926e-06	5.1011e-07
13638.0281	2.3926e-06	5.1011e-07
13644.9648	1.6314e-06	4.2121e-07
13651.9015	1.8489e-06	4.4842e-07
13658.8382	1.8489e-06	4.4842e-07
13665.7749	1.0876e-06	3.4392e-07
13672.7116	3.1539e-06	5.8567e-07
13679.6483	2.3926e-06	5.1011e-07
13686.5850	2.3926e-06	5.1011e-07
13693.5217	2.1751e-06	4.8638e-07
13700.4584	1.8489e-06	4.4842e-07
13707.3951	2.9364e-06	5.6512e-07
13714.3318	2.5014e-06	5.2158e-07
13721.2685	1.9576e-06	4.6142e-07
13728.2052	2.5014e-06	5.2158e-07
13735.1419	1.9576e-06	4.6142e-07
13742.0786	1.9576e-06	4.6142e-07
13749.0153	2.1751e-06	4.8638e-07
13755.9520	2.9364e-06	5.6512e-07
13762.8887	1.4138e-06	3.9213e-07
13769.8254	2.1751e-06	4.8638e-07
13776.7621	2.3926e-06	5.1011e-07
13783.6988	1.6314e-06	4.2121e-07
13790.6355	2.2839e-06	4.9839e-07
13797.5722	2.2839e-06	4.9839e-07
13804.5089	2.8277e-06	5.5455e-07
13811.4456	2.9364e-06	5.6512e-07
13818.3823	2.6102e-06	5.3280e-07
13825.3190	2.3926e-06	5.1011e-07
13832.2557	1.9576e-06	4.6142e-07
13839.1924	2.3926e-06	5.1011e-07
13846.1291	2.0664e-06	4.7406e-07
13853.0658	2.7189e-06	5.4378e-07
13860.0025	1.7401e-06	4.3503e-07
13866.9392	1.8489e-06	4.4842e-07
13873.8759	1.8489e-06	4.4842e-07
13880.8126	2.0664e-06	4.7406e-07
13887.7493	2.0664e-06	4.7406e-07
13894.6860	2.6102e-06	5.3280e-07
13901.6227	1.9576e-06	4.6142e-07
13908.5594	1.9576e-06	4.6142e-07
13915.4961	2.6102e-06	5.3280e-07
13922.4328	2.0664e-06	4.7406e-07
13929.3695	2.6102e-06	5.3280e-07
13936.3062	2.8277e-06	5.5455e-07
13943.2429	1.8489e-06	4.4842e-07
13950.1796	1.8489e-06	4.4842e-07
13957.1163	2.5014e-06	5.2158e-07
13964.0530	3.2627e-06	5.9569e-07
13970.9897	2.6102e-06	5.3280e-07
13977.9264	2.3926e-06	5.1011e-07
13984.8631	1.8489e-06	4.4842e-07
13991.7998	1.5226e-06	4.0693e-07
13998.7365	3.0452e-06	5.7549e-07
14005.6732	1.8489e-06	4.4842e-07
14012.6099	1.4138e-06	3.9213e-07
14019.5466	2.7189e-06	5.4378e-07
14026.4833	2.3926e-06	5.1011e-07
14033.4200	2.5014e-06	5.2158e-07
14040.3567	1.3051e-06	3.7674e-07
14047.2934	2.6102e-06	5.3280e-07
14054.2301	1.8489e-06	4.4842e-07
14061.1668	2.0664e-06	4.7406e-07
14068.1035	2.6102e-06	5.3280e-07
14075.0402	1.7401e-06	4.3503e-07
14081.9769	3.1539e-06	5.8567e-07
14088.9136	1.0876e-06	3.4392e-07
14095.8503	1.6314e-06	4.2121e-07
14102.7870	2.5014e-06	5.2158e-07
14109.7237	2.6102e-06	5.3280e-07
14116.6604	3.3715e-06	6.0553e-07
14123.5971	2.0664e-06	4.7406e-07
14130.5338	2.8277e-06	5.5455e-07
14137.4705	2.1751e-06	4.8638e-07
14144.4072	1.7401e-06	4.3503e-07
14151.3439	2.0664e-06	4.7406e-07
14158.2806	2.6102e-06	5.3280e-07
