-0.3086	5.2745e+02	6.9246e+00
-0.3077	5.1873e+02	6.8671e+00
-0.3067	5.1218e+02	6.8236e+00
-0.3057	5.2027e+02	6.8773e+00
-0.3048	5.3400e+02	6.9675e+00
-0.3038	5.2236e+02	6.8911e+00
-0.3029	5.2845e+02	6.9312e+00
-0.3019	5.2209e+02	6.8893e+00
-0.3010	5.3373e+02	6.9657e+00
-0.3000	5.2373e+02	6.9001e+00
-0.2991	5.2836e+02	6.9306e+00
-0.2981	5.0918e+02	6.8036e+00
-0.2972	5.2664e+02	6.9193e+00
-0.2962	5.3009e+02	6.9419e+00
-0.2953	5.3891e+02	6.9994e+00
-0.2943	5.4255e+02	7.0230e+00
-0.2934	5.3318e+02	6.9621e+00
-0.2924	5.4073e+02	7.0112e+00
-0.2915	5.3509e+02	6.9746e+00
-0.2905	5.4364e+02	7.0300e+00
-0.2896	5.4391e+02	7.0318e+00
-0.2886	5.3318e+02	6.9752e+00
-0.2877	5.3509e+02	6.9746e+00
-0.2867	5.2845e+02	6.9312e+00
-0.2857	5.4609e+02	7.0459e+00
-0.2848	5.3318e+02	6.9621e+00
-0.2838	5.5045e+02	7.0740e+00
-0.2829	5.4764e+02	7.0559e+00
-0.2819	5.2991e+02	6.9407e+00
-0.2810	5.5682e+02	7.1148e+00
-0.2800	5.4464e+02	7.0365e+00
-0.2791	5.5000e+02	7.0711e+00
-0.2781	5.4055e+02	7.0100e+00
-0.2772	5.5382e+02	7.0956e+00
-0.2762	5.5391e+02	7.0962e+00
-0.2753	5.3918e+02	7.0012e+00
-0.2743	5.5464e+02	7.1008e+00
-0.2734	5.5209e+02	7.0845e+00
-0.2724	5.4427e+02	7.0342e+00
-0.2715	5.5309e+02	7.0909e+00
-0.2705	5.4200e+02	7.0195e+00
-0.2696	5.6700e+02	7.1795e+00
-0.2686	5.5991e+02	7.1345e+00
-0.2677	5.5391e+02	7.0962e+00
-0.2667	5.3700e+02	6.9870e+00
-0.2658	5.5418e+02	7.0979e+00
-0.2648	5.4582e+02	7.0441e+00
-0.2638	5.4491e+02	7.0383e+00
-0.2629	5.5073e+02	7.0757e+00
-0.2619	5.5573e+02	7.1078e+00
-0.2610	5.4455e+02	7.0359e+00
-0.2600	5.6509e+02	7.1674e+00
-0.2591	5.5864e+02	7.1264e+00
-0.2581	5.5773e+02	7.1206e+00
-0.2572	5.5127e+02	7.0792e+00
-0.2562	5.5364e+02	7.0944e+00
-0.2553	5.6664e+02	7.1772e+00
-0.2543	5.6318e+02	7.1553e+00
-0.2534	5.5618e+02	7.1107e+00
-0.2524	5.6373e+02	7.1588e+00
-0.2515	5.6809e+02	7.1864e+00
-0.2505	5.8018e+02	7.2625e+00
-0.2496	5.7036e+02	7.2008e+00
-0.2486	5.6000e+02	7.1351e+00
-0.2477	5.5445e+02	7.0996e+00
-0.2467	5.6145e+02	7.1443e+00
-0.2458	5.6464e+02	7.1645e+00
-0.2448	5.5082e+02	7.0763e+00
-0.2438	5.6109e+02	7.1420e+00
-0.2429	5.6273e+02	7.1524e+00
-0.2419	5.6509e+02	7.1674e+00
-0.2410	5.6100e+02	7.1414e+00
-0.2400	5.5573e+02	7.1078e+00
-0.2391	5.5191e+02	7.0833e+00
-0.2381	5.4345e+02	7.0289e+00
-0.2372	5.5991e+02	7.1345e+00
-0.2362	5.5964e+02	7.1327e+00
-0.2353	5.5491e+02	7.1026e+00
-0.2343	5.6727e+02	7.1812e+00
-0.2334	5.6809e+02	7.1864e+00
-0.2324	5.5955e+02	7.1322e+00
-0.2315	5.5355e+02	7.0938e+00
-0.2305	5.4755e+02	7.0553e+00
-0.2296	5.5986e+02	7.1342e+00
-0.2286	5.5055e+02	7.0746e+00
-0.2277	5.7209e+02	7.2117e+00
-0.2267	5.5191e+02	7.0833e+00
-0.2258	5.6727e+02	7.1812e+00
-0.2248	5.6036e+02	7.1374e+00
-0.2238	5.5736e+02	7.1182e+00
-0.2229	5.4891e+02	7.0641e+00
-0.2219	5.5427e+02	7.0985e+00
-0.2210	5.5118e+02	7.0787e+00
-0.2200	5.5136e+02	7.0798e+00
-0.2191	5.5655e+02	7.1130e+00
-0.2181	5.5164e+02	7.0944e+00
-0.2172	5.6555e+02	7.1703e+00
-0.2162	5.6509e+02	7.1674e+00
-0.2153	5.4509e+02	7.0394e+00
-0.2143	5.7127e+02	7.2065e+00
-0.2134	5.5600e+02	7.1095e+00
-0.2124	5.6064e+02	7.1391e+00
-0.2115	5.6327e+02	7.1559e+00
-0.2105	5.5000e+02	7.0711e+00
-0.2096	5.7655e+02	7.2397e+00
-0.2086	5.6018e+02	7.1362e+00
-0.2077	5.7182e+02	7.2100e+00
-0.2067	5.5273e+02	7.0886e+00
-0.2058	5.5091e+02	7.0769e+00
-0.2048	5.8482e+02	7.2915e+00
-0.2038	5.7418e+02	7.2248e+00
-0.2029	5.7418e+02	7.2248e+00
-0.2019	5.5055e+02	7.0746e+00
-0.2010	5.5545e+02	7.1060e+00
-0.2000	5.6382e+02	7.1593e+00
-0.1991	5.5927e+02	7.1304e+00
-0.1981	5.5982e+02	7.1339e+00
-0.1972	5.6036e+02	7.1374e+00
-0.1962	5.6309e+02	7.1547e+00
-0.1953	5.6664e+02	7.1772e+00
-0.1943	5.7627e+02	7.2380e+00
-0.1934	5.8264e+02	7.2778e+00
-0.1924	5.7864e+02	7.2528e+00
-0.1915	5.6473e+02	7.1651e+00
-0.1905	5.5055e+02	7.0746e+00
-0.1896	5.7236e+02	7.2134e+00
-0.1886	5.6073e+02	7.1397e+00
-0.1877	5.5764e+02	7.1200e+00
-0.1867	5.6936e+02	7.1945e+00
-0.1858	5.4936e+02	7.0670e+00
-0.1848	5.7009e+02	7.1991e+00
-0.1838	5.5182e+02	7.0827e+00
-0.1829	5.5573e+02	7.1078e+00
-0.1819	5.6418e+02	7.1617e+00
-0.1810	5.7009e+02	7.1991e+00
-0.1800	5.6782e+02	7.1847e+00
-0.1791	5.6464e+02	7.1645e+00
-0.1781	5.6909e+02	7.1927e+00
-0.1772	5.5664e+02	7.1136e+00
-0.1762	5.5245e+02	7.0868e+00
-0.1753	5.7000e+02	7.1985e+00
-0.1743	5.5591e+02	7.1090e+00
-0.1734	5.6809e+02	7.1864e+00
-0.1724	5.4273e+02	7.0242e+00
-0.1715	5.5309e+02	7.0909e+00
-0.1705	5.5809e+02	7.1229e+00
-0.1696	5.6845e+02	7.1887e+00
-0.1686	5.6591e+02	7.1726e+00
-0.1677	5.5909e+02	7.1293e+00
-0.1667	5.6245e+02	7.1507e+00
-0.1657	5.7255e+02	7.2145e+00
-0.1648	5.6536e+02	7.1691e+00
-0.1638	5.6482e+02	7.1657e+00
-0.1629	5.6591e+02	7.1726e+00
-0.1619	5.7645e+02	7.2391e+00
-0.1610	5.6536e+02	7.1691e+00
-0.1600	5.6373e+02	7.1588e+00
-0.1591	5.7764e+02	7.2465e+00
-0.1581	5.6855e+02	7.1893e+00
-0.1572	5.4527e+02	7.0406e+00
-0.1562	5.6936e+02	7.1945e+00
-0.1553	5.6091e+02	7.1408e+00
-0.1543	5.8573e+02	7.2971e+00
-0.1534	5.6509e+02	7.1674e+00
-0.1524	5.7573e+02	7.2346e+00
-0.1515	5.7027e+02	7.2002e+00
-0.1505	5.7336e+02	7.2197e+00
-0.1496	5.7227e+02	7.2128e+00
-0.1486	5.6518e+02	7.1680e+00
-0.1477	5.7782e+02	7.2477e+00
-0.1467	5.5773e+02	7.1206e+00
-0.1457	5.6091e+02	7.1408e+00
-0.1448	5.6700e+02	7.1795e+00
-0.1438	5.5736e+02	7.1182e+00
-0.1429	5.5609e+02	7.1101e+00
-0.1419	5.7027e+02	7.2002e+00
-0.1410	5.7291e+02	7.2168e+00
-0.1400	5.6855e+02	7.1893e+00
-0.1391	5.7845e+02	7.2517e+00
-0.1381	5.8064e+02	7.2653e+00
-0.1372	5.7964e+02	7.2591e+00
-0.1362	5.7955e+02	7.2585e+00
-0.1353	5.8000e+02	7.2614e+00
-0.1343	5.7336e+02	7.2197e+00
-0.1334	5.6800e+02	7.1858e+00
-0.1324	5.6882e+02	7.1910e+00
-0.1315	5.6909e+02	7.1927e+00
-0.1305	5.7900e+02	7.2551e+00
-0.1296	5.7045e+02	7.2266e+00
-0.1286	5.5818e+02	7.1489e+00
-0.1276	5.7091e+02	7.2042e+00
-0.1267	5.7855e+02	7.2522e+00
-0.1257	5.6955e+02	7.1956e+00
-0.1248	5.7027e+02	7.2002e+00
-0.1238	5.7836e+02	7.2511e+00
-0.1229	5.7027e+02	7.2002e+00
-0.1219	5.6964e+02	7.1962e+00
-0.1210	5.7682e+02	7.2414e+00
-0.1200	5.7945e+02	7.2579e+00
-0.1191	5.4864e+02	7.0623e+00
-0.1181	5.7664e+02	7.2403e+00
-0.1172	5.6464e+02	7.1645e+00
-0.1162	5.7500e+02	7.2300e+00
-0.1153	5.6645e+02	7.1887e+00
-0.1143	5.5218e+02	7.0851e+00
-0.1134	5.7282e+02	7.2163e+00
-0.1124	5.6773e+02	7.1841e+00
-0.1115	5.7455e+02	7.2271e+00
-0.1105	5.8100e+02	7.2676e+00
-0.1095	5.7982e+02	7.2602e+00
-0.1086	5.6645e+02	7.1761e+00
-0.1076	5.6955e+02	7.1956e+00
-0.1067	5.6227e+02	7.1495e+00
-0.1057	5.5964e+02	7.1327e+00
-0.1048	5.6491e+02	7.1663e+00
-0.1038	5.6082e+02	7.1403e+00
-0.1029	5.7445e+02	7.2266e+00
-0.1019	5.6982e+02	7.1973e+00
-0.1010	5.6336e+02	7.1565e+00
-0.1000	5.6736e+02	7.1818e+00
-0.0991	5.7082e+02	7.2036e+00
-0.0981	5.8000e+02	7.2614e+00
-0.0972	5.7764e+02	7.2465e+00
-0.0962	5.6327e+02	7.1559e+00
-0.0953	5.5964e+02	7.1327e+00
-0.0943	5.6882e+02	7.1910e+00
-0.0934	5.3909e+02	7.0136e+00
-0.0924	5.7245e+02	7.2140e+00
-0.0915	5.7964e+02	7.2591e+00
-0.0905	5.7227e+02	7.2128e+00
-0.0895	5.7500e+02	7.2300e+00
-0.0886	5.5791e+02	7.1217e+00
-0.0876	5.7545e+02	7.2328e+00
-0.0867	5.6891e+02	7.1916e+00
-0.0857	5.6818e+02	7.1870e+00
-0.0848	5.6273e+02	7.1524e+00
-0.0838	5.6900e+02	7.1922e+00
-0.0829	5.8664e+02	7.3028e+00
-0.0819	5.6945e+02	7.1950e+00
-0.0810	5.7855e+02	7.2522e+00
-0.0800	5.6645e+02	7.1761e+00
-0.0791	5.7045e+02	7.2014e+00
-0.0781	5.5691e+02	7.1153e+00
-0.0772	-1.0500e+02	0.0000e+00
-0.0762	5.8555e+02	7.2960e+00
-0.0753	5.8573e+02	7.2971e+00
-0.0743	5.6164e+02	7.1455e+00
-0.0734	5.6445e+02	7.1634e+00
-0.0724	5.7318e+02	7.2185e+00
-0.0714	5.7082e+02	7.2036e+00
-0.0705	5.6045e+02	7.1380e+00
-0.0695	5.6273e+02	7.1524e+00
-0.0686	5.8073e+02	7.2659e+00
-0.0676	5.8791e+02	7.3107e+00
-0.0667	5.6509e+02	7.1674e+00
-0.0657	5.7473e+02	7.2283e+00
-0.0648	5.6545e+02	7.1697e+00
-0.0638	5.7436e+02	7.2260e+00
-0.0629	5.6773e+02	7.1841e+00
-0.0619	5.5955e+02	7.1322e+00
-0.0610	5.8391e+02	7.2858e+00
-0.0600	5.8418e+02	7.2875e+00
-0.0591	5.7327e+02	7.2191e+00
-0.0581	5.8400e+02	7.2864e+00
-0.0572	5.7655e+02	7.2397e+00
-0.0562	5.7136e+02	7.2071e+00
-0.0553	5.8636e+02	7.3011e+00
-0.0543	5.8482e+02	7.2915e+00
-0.0533	5.7682e+02	7.2414e+00
-0.0524	5.6991e+02	7.1979e+00
-0.0514	5.8364e+02	7.2841e+00
-0.0505	5.7300e+02	7.2174e+00
-0.0495	5.9291e+02	7.3417e+00
-0.0486	5.9182e+02	7.3350e+00
-0.0476	5.8882e+02	7.3163e+00
-0.0467	5.6482e+02	7.1657e+00
-0.0457	5.7918e+02	7.2562e+00
-0.0448	5.9036e+02	7.3259e+00
-0.0438	5.7945e+02	7.2579e+00
-0.0429	5.8736e+02	7.3073e+00
-0.0419	5.9527e+02	7.3563e+00
-0.0410	5.9509e+02	7.3552e+00
-0.0400	5.9345e+02	7.3575e+00
-0.0391	6.0064e+02	7.3894e+00
-0.0381	6.0632e+02	7.4243e+00
-0.0372	6.0800e+02	7.4346e+00
-0.0362	6.2191e+02	7.5191e+00
-0.0352	6.3573e+02	7.6022e+00
-0.0343	6.3082e+02	7.5728e+00
-0.0333	6.4655e+02	7.6666e+00
-0.0324	6.8200e+02	7.8740e+00
-0.0314	6.9364e+02	7.9409e+00
-0.0305	7.1936e+02	8.0868e+00
-0.0295	7.3809e+02	8.1914e+00
-0.0286	7.6945e+02	8.3636e+00
-0.0276	8.1055e+02	8.5841e+00
-0.0267	8.7673e+02	8.9276e+00
-0.0257	1.0233e+03	9.6449e+00
-0.0248	1.2712e+03	1.0750e+01
-0.0238	1.3868e+03	1.1228e+01
-0.0229	1.3255e+03	1.0977e+01
-0.0219	1.1435e+03	1.0196e+01
-0.0210	1.0209e+03	9.6338e+00
-0.0200	9.6745e+02	9.3782e+00
-0.0191	9.5455e+02	9.3154e+00
-0.0181	9.3691e+02	9.2290e+00
-0.0171	9.1809e+02	9.1358e+00
-0.0162	9.0136e+02	9.0522e+00
-0.0152	9.1873e+02	9.1390e+00
-0.0143	9.3418e+02	9.2155e+00
-0.0133	9.6218e+02	9.3526e+00
-0.0124	9.7773e+02	9.4278e+00
-0.0114	1.0146e+03	9.6041e+00
-0.0105	1.0791e+03	9.9045e+00
-0.0095	1.0066e+03	9.5662e+00
-0.0086	5.6491e+02	7.1663e+00
-0.0076	5.2427e+02	6.9037e+00
-0.0067	5.1682e+02	6.8544e+00
-0.0057	5.2373e+02	6.9001e+00
-0.0048	5.0900e+02	6.8024e+00
-0.0038	5.1873e+02	6.8671e+00
-0.0029	5.2327e+02	6.8971e+00
-0.0019	5.0827e+02	6.7975e+00
-0.0010	5.2045e+02	6.8785e+00
0.0000	5.1855e+02	6.8659e+00
0.0010	5.2073e+02	6.8803e+00
0.0019	5.1064e+02	6.8133e+00
0.0029	5.2791e+02	6.9276e+00
0.0038	5.0009e+02	6.7426e+00
0.0048	5.0855e+02	6.7994e+00
0.0057	4.9755e+02	6.7254e+00
0.0067	5.2282e+02	6.8941e+00
0.0076	5.9064e+02	7.3276e+00
0.0086	1.3855e+03	1.1223e+01
0.0095	1.2733e+03	1.0759e+01
0.0105	1.1715e+03	1.0320e+01
0.0114	1.1028e+03	1.0013e+01
0.0124	1.0345e+03	9.6979e+00
0.0133	9.7591e+02	9.4191e+00
0.0143	9.5009e+02	9.2936e+00
0.0152	9.2627e+02	9.1764e+00
0.0162	9.0491e+02	9.0700e+00
0.0171	8.9600e+02	9.0252e+00
0.0181	8.8382e+02	8.9637e+00
0.0191	8.7591e+02	8.9235e+00
0.0200	9.2009e+02	9.1457e+00
0.0210	9.2018e+02	9.1462e+00
0.0219	9.8427e+02	9.4594e+00
0.0229	1.1067e+03	1.0031e+01
0.0238	1.3087e+03	1.0908e+01
0.0248	1.3734e+03	1.1174e+01
0.0257	1.2109e+03	1.0492e+01
0.0267	1.0175e+03	9.6175e+00
0.0276	8.4464e+02	8.7627e+00
0.0286	7.8700e+02	8.4585e+00
0.0295	7.3009e+02	8.1469e+00
0.0305	7.0645e+02	8.0139e+00
0.0314	6.8355e+02	7.8829e+00
0.0324	6.5700e+02	7.7283e+00
0.0333	6.3491e+02	7.5973e+00
0.0343	6.1764e+02	7.4932e+00
0.0352	5.9027e+02	7.3254e+00
0.0362	5.8382e+02	7.2852e+00
0.0372	5.7809e+02	7.2494e+00
0.0381	5.8155e+02	7.2710e+00
0.0391	5.8309e+02	7.2807e+00
0.0400	5.7427e+02	7.2254e+00
0.0410	5.6327e+02	7.1559e+00
0.0419	5.5591e+02	7.1090e+00
0.0429	5.7173e+02	7.2094e+00
0.0438	5.5136e+02	7.0798e+00
0.0448	5.7055e+02	7.2019e+00
0.0457	5.4182e+02	7.0183e+00
0.0467	5.6864e+02	7.1899e+00
0.0476	5.5455e+02	7.1002e+00
0.0486	5.4273e+02	7.0242e+00
0.0495	5.4973e+02	7.0693e+00
0.0505	5.5418e+02	7.0979e+00
0.0514	5.4464e+02	7.0365e+00
0.0524	5.4827e+02	7.0600e+00
0.0533	5.3736e+02	6.9894e+00
0.0543	5.3618e+02	6.9817e+00
0.0553	5.3718e+02	6.9882e+00
0.0562	5.4455e+02	7.0359e+00
0.0572	5.3609e+02	6.9811e+00
0.0581	5.3836e+02	6.9959e+00
0.0591	5.3809e+02	6.9941e+00
0.0600	5.3264e+02	6.9586e+00
0.0610	5.4564e+02	7.0430e+00
0.0619	5.3436e+02	6.9698e+00
0.0629	5.3673e+02	6.9852e+00
0.0638	5.3409e+02	6.9680e+00
0.0648	5.3464e+02	6.9716e+00
0.0657	5.3400e+02	6.9675e+00
0.0667	5.2336e+02	6.8977e+00
0.0676	5.3073e+02	6.9461e+00
0.0686	5.3718e+02	6.9882e+00
0.0695	5.3909e+02	7.0006e+00
0.0705	5.3882e+02	6.9988e+00
0.0714	5.1618e+02	6.8502e+00
0.0724	5.2991e+02	6.9407e+00
0.0734	5.4009e+02	7.0071e+00
0.0743	5.2927e+02	6.9365e+00
0.0753	5.3636e+02	6.9829e+00
0.0762	5.4564e+02	7.0430e+00
0.0772	5.3964e+02	7.0041e+00
0.0781	5.4773e+02	7.0564e+00
0.0791	5.1791e+02	6.8617e+00
0.0800	5.4073e+02	7.0112e+00
0.0810	5.2809e+02	6.9288e+00
0.0819	5.2736e+02	6.9240e+00
0.0829	5.3418e+02	6.9686e+00
0.0838	5.3255e+02	6.9580e+00
0.0848	5.3255e+02	6.9580e+00
0.0857	5.2364e+02	6.8995e+00
0.0867	5.3945e+02	7.0030e+00
0.0876	5.3336e+02	6.9633e+00
0.0886	5.2664e+02	6.9193e+00
0.0895	5.2718e+02	6.9228e+00
0.0905	5.3509e+02	6.9746e+00
0.0915	5.4464e+02	7.0365e+00
0.0924	5.1982e+02	6.8743e+00
0.0934	5.3473e+02	6.9722e+00
0.0943	5.3600e+02	6.9805e+00
0.0953	5.4709e+02	7.0523e+00
0.0962	5.4873e+02	7.0629e+00
0.0972	5.4873e+02	7.0629e+00
0.0981	5.4509e+02	7.0394e+00
0.0991	5.4573e+02	7.0435e+00
0.1000	5.3336e+02	6.9633e+00
0.1010	5.3964e+02	7.0041e+00
0.1019	5.3555e+02	6.9775e+00
0.1029	5.4691e+02	7.0512e+00
0.1038	5.3145e+02	6.9508e+00
0.1048	5.4264e+02	7.0236e+00
0.1057	5.4655e+02	7.0488e+00
0.1067	5.4127e+02	7.0147e+00
0.1076	5.3991e+02	7.0059e+00
0.1086	5.5236e+02	7.0862e+00
0.1095	5.3036e+02	6.9437e+00
0.1105	5.4973e+02	7.0693e+00
0.1115	5.4409e+02	7.0330e+00
0.1124	5.3509e+02	6.9746e+00
0.1134	5.4382e+02	7.0312e+00
0.1143	5.3600e+02	6.9805e+00
0.1153	5.4300e+02	7.0259e+00
0.1162	5.2545e+02	6.9115e+00
0.1172	5.3991e+02	7.0059e+00
0.1181	5.5545e+02	7.1060e+00
0.1191	5.3527e+02	6.9758e+00
0.1200	5.3482e+02	6.9728e+00
0.1210	5.6036e+02	7.1374e+00
0.1219	5.4236e+02	7.0218e+00
0.1229	5.4609e+02	7.0459e+00
0.1238	5.4300e+02	7.0259e+00
0.1248	5.4273e+02	7.0242e+00
0.1257	5.5036e+02	7.0734e+00
0.1267	5.5064e+02	7.0752e+00
0.1276	5.5027e+02	7.0728e+00
0.1286	5.4518e+02	7.0400e+00
0.1296	5.4018e+02	7.0077e+00
0.1305	5.3927e+02	7.0018e+00
0.1315	5.5945e+02	7.1316e+00
0.1324	5.4991e+02	7.0705e+00
0.1334	5.3736e+02	6.9894e+00
0.1343	5.4209e+02	7.0200e+00
0.1353	5.3000e+02	6.9413e+00
0.1362	5.5782e+02	7.1211e+00
0.1372	5.4636e+02	7.0477e+00
0.1381	5.5609e+02	7.1101e+00
0.1391	5.4564e+02	7.0430e+00
0.1400	5.4782e+02	7.0570e+00
0.1410	5.4282e+02	7.0247e+00
0.1419	5.3145e+02	6.9508e+00
0.1429	5.5091e+02	7.0769e+00
0.1438	5.4736e+02	7.0541e+00
0.1448	5.3336e+02	6.9633e+00
0.1457	5.4809e+02	7.0588e+00
0.1467	5.3518e+02	6.9752e+00
0.1477	5.3627e+02	6.9823e+00
0.1486	5.4964e+02	7.0687e+00
0.1496	5.5409e+02	7.0973e+00
0.1505	5.3555e+02	6.9775e+00
0.1515	5.4582e+02	7.0570e+00
0.1524	5.5409e+02	7.0973e+00
0.1534	5.4745e+02	7.0547e+00
0.1543	5.4555e+02	7.0424e+00
0.1553	-1.0500e+02	0.0000e+00
0.1562	-1.0500e+02	0.0000e+00
0.1572	-1.0500e+02	0.0000e+00
0.1581	-1.0500e+02	0.0000e+00
0.1591	-1.0500e+02	0.0000e+00
0.1600	-1.0500e+02	0.0000e+00
0.1610	-1.0500e+02	0.0000e+00
0.1619	8.0018e+02	8.5290e+00
0.1629	5.2036e+02	6.8779e+00
0.1638	5.1836e+02	6.8647e+00
0.1648	5.2955e+02	6.9383e+00
0.1657	5.4555e+02	7.0424e+00
0.1667	5.3464e+02	6.9716e+00
0.1677	5.4773e+02	7.0564e+00
0.1686	5.3609e+02	6.9811e+00
0.1696	5.4636e+02	7.0477e+00
0.1705	5.4109e+02	7.0136e+00
0.1715	5.3518e+02	6.9752e+00
0.1724	5.3136e+02	6.9502e+00
0.1734	5.3155e+02	6.9514e+00
0.1743	5.4082e+02	7.0118e+00
0.1753	5.3800e+02	6.9935e+00
0.1762	5.4536e+02	7.0412e+00
0.1772	5.4227e+02	7.0342e+00
0.1781	5.3236e+02	6.9568e+00
0.1791	5.1564e+02	6.8466e+00
0.1800	5.4891e+02	7.0641e+00
0.1810	5.4282e+02	7.0247e+00
0.1819	5.5227e+02	7.0857e+00
0.1829	5.3836e+02	6.9959e+00
0.1838	5.3618e+02	6.9817e+00
0.1848	5.3345e+02	6.9639e+00
0.1858	5.4209e+02	7.0200e+00
0.1867	5.4755e+02	7.0553e+00
0.1877	5.2591e+02	6.9145e+00
0.1886	5.3609e+02	6.9811e+00
0.1896	5.3109e+02	6.9485e+00
0.1905	5.4736e+02	7.0541e+00
0.1915	5.3591e+02	6.9799e+00
0.1924	5.2936e+02	6.9371e+00
0.1934	5.3236e+02	6.9568e+00
0.1943	5.4373e+02	7.0306e+00
0.1953	5.4745e+02	7.0547e+00
0.1962	5.3445e+02	6.9704e+00
0.1972	5.2927e+02	6.9365e+00
0.1981	5.4264e+02	7.0236e+00
0.1991	5.3900e+02	7.0000e+00
0.2000	5.2591e+02	6.9145e+00
0.2010	5.1309e+02	6.8297e+00
0.2019	5.3600e+02	6.9805e+00
0.2029	5.2500e+02	6.9085e+00
0.2038	5.2473e+02	6.9067e+00
0.2048	5.2655e+02	6.9187e+00
0.2058	5.2982e+02	6.9401e+00
0.2067	5.3864e+02	6.9976e+00
0.2077	5.2155e+02	6.8857e+00
0.2086	5.2773e+02	6.9264e+00
0.2096	5.3718e+02	6.9882e+00
0.2105	5.2382e+02	6.9007e+00
0.2115	5.3191e+02	6.9538e+00
0.2124	5.2745e+02	6.9246e+00
0.2134	5.2600e+02	6.9151e+00
0.2143	5.2145e+02	6.8851e+00
0.2153	5.2755e+02	6.9252e+00
0.2162	5.2809e+02	6.9288e+00
0.2172	5.2936e+02	6.9371e+00
0.2181	5.3964e+02	7.0041e+00
0.2191	5.3536e+02	6.9763e+00
0.2200	5.2827e+02	6.9300e+00
0.2210	5.2745e+02	6.9246e+00
0.2219	5.3009e+02	6.9419e+00
0.2229	5.2873e+02	6.9330e+00
0.2238	5.4264e+02	7.0236e+00
0.2248	5.3055e+02	6.9449e+00
0.2258	5.2364e+02	6.8995e+00
0.2267	5.2673e+02	6.9198e+00
0.2277	5.2391e+02	6.9013e+00
0.2286	5.2118e+02	6.8833e+00
0.2296	5.3455e+02	6.9710e+00
0.2305	5.2055e+02	6.8791e+00
0.2315	5.2127e+02	6.8839e+00
0.2324	5.1436e+02	6.8382e+00
0.2334	5.2045e+02	6.8785e+00
0.2343	5.2500e+02	6.9085e+00
0.2353	5.1373e+02	6.8339e+00
0.2362	5.2536e+02	6.9109e+00
0.2372	5.2209e+02	6.8893e+00
0.2381	5.2345e+02	6.8983e+00
0.2391	5.2027e+02	6.8773e+00
0.2400	5.2000e+02	6.8755e+00
0.2410	5.2173e+02	6.8869e+00
0.2419	5.1400e+02	6.8357e+00
0.2429	5.3582e+02	6.9793e+00
0.2438	5.2082e+02	6.8809e+00
0.2448	5.1391e+02	6.8351e+00
0.2458	5.3255e+02	6.9580e+00
0.2467	5.0855e+02	6.7994e+00
0.2477	5.2700e+02	6.9216e+00
0.2486	5.1164e+02	6.8200e+00
0.2496	5.2109e+02	6.8827e+00
0.2505	5.2382e+02	6.9007e+00
0.2515	5.2000e+02	6.8755e+00
0.2524	5.2127e+02	6.8839e+00
0.2534	5.2464e+02	6.9061e+00
0.2543	5.2491e+02	6.9079e+00
0.2553	5.1664e+02	6.8532e+00
0.2562	5.2673e+02	6.9198e+00
0.2572	5.1427e+02	6.8375e+00
0.2581	5.2473e+02	6.9067e+00
0.2591	5.1855e+02	6.8659e+00
0.2600	5.2182e+02	6.8875e+00
0.2610	5.2018e+02	6.8767e+00
0.2619	5.3400e+02	6.9675e+00
0.2629	5.1573e+02	6.8472e+00
0.2638	5.2600e+02	6.9151e+00
0.2648	5.2500e+02	6.9085e+00
0.2658	5.0055e+02	6.7457e+00
0.2667	5.2300e+02	6.8953e+00
0.2677	5.1355e+02	6.8327e+00
0.2686	5.2655e+02	6.9187e+00
0.2696	5.1627e+02	6.8508e+00
0.2705	5.1936e+02	6.8713e+00
0.2715	5.1164e+02	6.8200e+00
0.2724	5.2173e+02	6.9001e+00
0.2734	5.1555e+02	6.8460e+00
0.2743	5.1991e+02	6.8749e+00
0.2753	5.2700e+02	6.9216e+00
0.2762	5.3036e+02	6.9437e+00
0.2772	5.3036e+02	6.9437e+00
0.2781	5.2536e+02	6.9109e+00
0.2791	5.0673e+02	6.7872e+00
0.2800	5.2327e+02	6.8971e+00
0.2810	5.1318e+02	6.8303e+00
0.2819	5.1218e+02	6.8236e+00
0.2829	5.1973e+02	6.8737e+00
0.2838	5.3009e+02	6.9419e+00
0.2848	5.2236e+02	6.8911e+00
0.2857	5.2991e+02	6.9407e+00
0.2867	5.2636e+02	6.9175e+00
0.2877	5.3527e+02	6.9758e+00
0.2886	5.1809e+02	6.8629e+00
0.2896	5.1173e+02	6.8206e+00
0.2905	5.1873e+02	6.8671e+00
0.2915	5.2482e+02	6.9073e+00
0.2924	5.2418e+02	6.9031e+00
0.2934	5.2345e+02	6.8983e+00
0.2943	5.1564e+02	6.8466e+00
0.2953	5.1982e+02	6.8743e+00
0.2962	5.2055e+02	6.8791e+00
0.2972	5.2645e+02	6.9181e+00
0.2981	5.0773e+02	6.7939e+00
0.2991	5.2773e+02	6.9264e+00
0.3000	5.2964e+02	6.9389e+00
0.3010	5.1636e+02	6.8514e+00
0.3019	5.2655e+02	6.9187e+00
0.3029	5.1900e+02	6.8689e+00
0.3038	5.1991e+02	6.8749e+00
0.3048	5.1018e+02	6.8103e+00
0.3057	5.4255e+02	7.0230e+00
0.3067	5.2255e+02	6.8923e+00
0.3077	5.3536e+02	6.9763e+00
0.3086	5.2655e+02	6.9187e+00
0.3096	5.2173e+02	6.8869e+00
0.3105	5.2336e+02	6.8977e+00
0.3115	5.2445e+02	6.9049e+00
0.3124	5.1682e+02	6.8544e+00
0.3134	5.2764e+02	6.9258e+00
0.3143	5.1691e+02	6.8551e+00
0.3153	5.2464e+02	6.9061e+00
0.3162	5.2100e+02	6.8821e+00
0.3172	5.1818e+02	6.8635e+00
0.3181	5.2809e+02	6.9288e+00
0.3191	5.1664e+02	6.8532e+00
0.3200	5.2173e+02	6.8869e+00
0.3210	5.2645e+02	6.9181e+00
0.3219	5.3100e+02	6.9479e+00
0.3229	5.2082e+02	6.8809e+00
0.3238	5.2064e+02	6.8797e+00
0.3248	5.1836e+02	6.8647e+00
0.3257	5.2509e+02	6.9091e+00
0.3267	5.1782e+02	6.8611e+00
0.3276	5.3764e+02	6.9911e+00
0.3286	5.2964e+02	6.9389e+00
0.3295	5.2573e+02	6.9133e+00
0.3305	5.3164e+02	6.9520e+00
0.3315	5.1473e+02	6.8406e+00
0.3324	5.1682e+02	6.8544e+00
0.3334	5.1282e+02	6.8279e+00
0.3343	5.2627e+02	6.9169e+00
0.3353	5.2945e+02	6.9377e+00
0.3362	5.3236e+02	6.9568e+00
0.3372	5.2218e+02	6.8899e+00
0.3381	5.1527e+02	6.8442e+00
0.3391	5.2309e+02	6.8959e+00
0.3400	5.2373e+02	6.9001e+00
0.3410	5.3273e+02	6.9591e+00
0.3419	5.2645e+02	6.9181e+00
0.3429	5.1818e+02	6.8635e+00
0.3438	5.2191e+02	6.8881e+00
0.3448	5.2891e+02	6.9342e+00
0.3457	5.2736e+02	6.9240e+00
0.3467	5.3300e+02	6.9609e+00
0.3476	5.3182e+02	6.9532e+00
0.3486	5.1755e+02	6.8593e+00
0.3495	5.2855e+02	6.9318e+00
0.3505	5.2227e+02	6.8905e+00
0.3514	5.4200e+02	7.0195e+00
0.3524	5.0527e+02	6.7775e+00
0.3534	5.1818e+02	6.8635e+00
0.3543	5.3591e+02	6.9799e+00
0.3553	5.2036e+02	6.8779e+00
0.3562	5.3964e+02	7.0041e+00
0.3572	5.1909e+02	6.8695e+00
0.3581	5.2518e+02	6.9097e+00
0.3591	5.3591e+02	6.9799e+00
0.3600	5.3545e+02	6.9769e+00
0.3610	5.1409e+02	6.8363e+00
0.3619	5.3482e+02	6.9728e+00
0.3629	5.2800e+02	6.9282e+00
0.3638	5.2582e+02	6.9139e+00
0.3648	5.2182e+02	6.8875e+00
0.3657	5.1391e+02	6.8351e+00
0.3667	5.2236e+02	6.8911e+00
0.3676	5.1836e+02	6.8647e+00
0.3686	5.3836e+02	6.9959e+00
0.3695	5.3327e+02	6.9627e+00
0.3705	5.4082e+02	7.0118e+00
0.3714	5.2264e+02	6.8929e+00
0.3724	5.3164e+02	6.9520e+00
0.3733	5.2227e+02	6.8905e+00
0.3743	5.3082e+02	6.9467e+00
0.3752	5.2364e+02	6.8995e+00
0.3762	5.2682e+02	6.9204e+00
0.3772	5.2709e+02	6.9222e+00
0.3781	5.2036e+02	6.8779e+00
0.3791	5.2718e+02	6.9228e+00
0.3800	5.2827e+02	6.9300e+00
0.3810	5.4427e+02	7.0342e+00
0.3819	5.3655e+02	6.9840e+00
0.3829	5.3555e+02	6.9775e+00
0.3838	5.4036e+02	7.0088e+00
0.3848	5.3318e+02	6.9621e+00
0.3857	5.3500e+02	6.9740e+00
0.3867	5.2427e+02	6.9037e+00
0.3876	5.2173e+02	6.8869e+00
0.3886	5.1500e+02	6.8424e+00
0.3895	5.3800e+02	6.9935e+00
0.3905	5.1436e+02	6.8382e+00
0.3914	5.2645e+02	6.9181e+00
0.3924	5.1536e+02	6.8448e+00
0.3933	-1.0500e+02	0.0000e+00
0.3943	5.3445e+02	6.9704e+00
0.3952	4.7373e+02	6.6587e+00
0.3962	5.3845e+02	6.9965e+00
0.3971	5.4936e+02	7.0670e+00
0.3981	5.4036e+02	7.0088e+00
0.3990	5.3227e+02	6.9562e+00
0.4000	5.4100e+02	7.0130e+00
0.4010	5.3382e+02	6.9663e+00
0.4019	5.3127e+02	6.9496e+00
0.4029	5.4636e+02	7.0477e+00
0.4038	5.3182e+02	6.9532e+00
0.4048	5.2945e+02	6.9377e+00
0.4057	5.3673e+02	6.9852e+00
0.4067	5.2045e+02	6.8785e+00
0.4076	5.3336e+02	6.9633e+00
0.4086	5.2400e+02	6.9019e+00
0.4095	5.2545e+02	6.9115e+00
0.4105	5.1464e+02	6.8400e+00
0.4114	5.3036e+02	6.9437e+00
0.4124	5.3345e+02	6.9639e+00
0.4133	5.2355e+02	6.8989e+00
0.4143	5.3173e+02	6.9526e+00
0.4152	5.1391e+02	6.8351e+00
0.4162	5.3273e+02	6.9591e+00
0.4171	5.1318e+02	6.8436e+00
0.4181	5.1918e+02	6.8701e+00
0.4190	5.1936e+02	6.8713e+00
0.4200	5.2582e+02	6.9139e+00
0.4209	5.1836e+02	6.8647e+00
0.4219	5.2455e+02	6.9055e+00
0.4228	5.1509e+02	6.8430e+00
0.4238	5.2300e+02	6.8953e+00
0.4247	5.2482e+02	6.9073e+00
0.4257	5.2400e+02	6.9019e+00
0.4266	5.1936e+02	6.8713e+00
0.4276	5.3900e+02	7.0000e+00
0.4286	5.2345e+02	6.8983e+00
0.4295	5.1973e+02	6.8737e+00
0.4305	5.2845e+02	6.9312e+00
0.4314	5.2982e+02	6.9401e+00
0.4324	5.2191e+02	6.8881e+00
0.4333	5.2745e+02	6.9246e+00
0.4343	5.1555e+02	6.8460e+00
0.4352	5.0782e+02	6.7945e+00
0.4362	5.2700e+02	6.9216e+00
0.4371	5.2064e+02	6.8797e+00
0.4381	5.1618e+02	6.8502e+00
0.4390	5.1455e+02	6.8394e+00
0.4400	5.3773e+02	6.9917e+00
0.4409	5.2627e+02	6.9169e+00
0.4419	5.1282e+02	6.8279e+00
0.4428	5.2409e+02	6.9025e+00
0.4438	5.3691e+02	6.9864e+00
0.4447	5.1836e+02	6.8647e+00
0.4457	5.2582e+02	6.9139e+00
0.4466	5.2673e+02	6.9198e+00
0.4476	5.2682e+02	6.9204e+00
0.4485	5.1209e+02	6.8230e+00
0.4495	5.1218e+02	6.8236e+00
0.4504	5.3727e+02	6.9888e+00
0.4514	5.3609e+02	6.9811e+00
0.4523	5.2900e+02	6.9348e+00
0.4533	5.2309e+02	6.8959e+00
0.4542	5.2300e+02	6.8953e+00
0.4552	5.2300e+02	6.8953e+00
0.4562	5.2300e+02	6.8953e+00
0.4571	5.3209e+02	6.9550e+00
0.4581	5.3345e+02	6.9639e+00
0.4590	5.2809e+02	6.9288e+00
0.4600	5.1636e+02	6.8514e+00
0.4609	5.2391e+02	6.9013e+00
0.4619	5.1245e+02	6.8255e+00
0.4628	5.0764e+02	6.7933e+00
0.4638	5.1527e+02	6.8442e+00
0.4647	5.3727e+02	6.9888e+00
0.4657	5.0655e+02	6.7860e+00
0.4666	5.1536e+02	6.8448e+00
0.4676	5.1645e+02	6.8520e+00
0.4685	5.2991e+02	6.9407e+00
0.4695	5.2391e+02	6.9013e+00
0.4704	5.2373e+02	6.9001e+00
0.4714	5.3264e+02	6.9586e+00
0.4723	5.3145e+02	6.9508e+00
0.4733	5.2345e+02	6.8983e+00
0.4742	5.2073e+02	6.8803e+00
0.4752	5.2209e+02	6.8893e+00
0.4761	5.2436e+02	6.9043e+00
0.4771	5.2864e+02	6.9324e+00
0.4780	5.2618e+02	6.9163e+00
0.4790	5.2745e+02	6.9246e+00
0.4799	5.2782e+02	6.9270e+00
0.4809	5.1973e+02	6.8737e+00
0.4818	5.1182e+02	6.8212e+00
0.4828	5.3082e+02	6.9467e+00
0.4837	5.1736e+02	6.8581e+00
0.4847	5.3327e+02	6.9627e+00
0.4857	5.2827e+02	6.9300e+00
0.4866	5.1709e+02	6.8563e+00
0.4876	5.3055e+02	6.9449e+00
0.4885	5.1364e+02	6.8333e+00
0.4895	5.3145e+02	6.9508e+00
0.4904	5.4345e+02	7.0289e+00
0.4914	5.1764e+02	6.8599e+00
0.4923	5.2436e+02	6.9043e+00
0.4933	5.2573e+02	6.9133e+00
0.4942	5.3427e+02	6.9692e+00
0.4952	5.2364e+02	6.8995e+00
0.4961	5.2327e+02	6.8971e+00
0.4971	5.1673e+02	6.8538e+00
0.4980	5.1964e+02	6.8731e+00
0.4990	5.4109e+02	7.0136e+00
0.4999	5.2309e+02	6.8959e+00
0.5009	5.2009e+02	6.8761e+00
0.5018	5.3555e+02	6.9775e+00
0.5028	5.3336e+02	6.9633e+00
0.5037	5.1636e+02	6.8514e+00
0.5047	5.1991e+02	6.8749e+00
0.5056	5.2827e+02	6.9562e+00
0.5066	5.3264e+02	6.9586e+00
0.5075	5.2064e+02	6.8797e+00
0.5085	5.3818e+02	6.9947e+00
0.5094	5.3727e+02	6.9888e+00
0.5104	5.3509e+02	6.9746e+00
0.5113	5.2882e+02	6.9336e+00
0.5123	5.2764e+02	6.9258e+00
0.5132	5.3200e+02	6.9544e+00
0.5142	5.1236e+02	6.8248e+00
0.5151	5.2655e+02	6.9187e+00
0.5161	5.3464e+02	6.9716e+00
0.5171	5.3664e+02	6.9846e+00
0.5180	5.3164e+02	6.9520e+00
0.5190	5.2882e+02	6.9336e+00
0.5199	5.2418e+02	6.9031e+00
0.5209	5.3382e+02	6.9663e+00
0.5218	5.2418e+02	6.9031e+00
0.5228	5.3364e+02	6.9651e+00
0.5237	5.2645e+02	6.9181e+00
0.5247	5.2145e+02	6.8851e+00
0.5256	5.1718e+02	6.8569e+00
0.5266	5.3073e+02	6.9461e+00
0.5275	5.2273e+02	6.8935e+00
0.5285	5.2391e+02	6.9013e+00
0.5294	5.3218e+02	6.9556e+00
0.5304	5.3391e+02	6.9669e+00
0.5313	5.1273e+02	6.8273e+00
0.5323	5.1727e+02	6.8575e+00
0.5332	5.1855e+02	6.8659e+00
0.5342	5.2218e+02	6.8899e+00
0.5351	5.1636e+02	6.8514e+00
0.5361	5.3436e+02	6.9698e+00
0.5370	5.2173e+02	6.8869e+00
0.5380	5.1900e+02	6.8689e+00
0.5389	5.2064e+02	6.8797e+00
0.5399	5.3945e+02	7.0030e+00
0.5408	5.1364e+02	6.8333e+00
0.5418	5.2836e+02	6.9306e+00
0.5427	5.1836e+02	6.8647e+00
0.5437	5.2736e+02	6.9240e+00
0.5446	5.2300e+02	6.8953e+00
0.5456	5.2582e+02	6.9139e+00
0.5465	5.2809e+02	6.9288e+00
0.5475	5.3036e+02	6.9437e+00
0.5484	5.2055e+02	6.8791e+00
0.5494	5.2136e+02	6.8845e+00
0.5503	5.2336e+02	6.8977e+00
0.5513	5.2764e+02	6.9258e+00
0.5522	5.3664e+02	6.9846e+00
0.5532	5.2609e+02	6.9157e+00
0.5542	5.2691e+02	6.9210e+00
0.5551	5.2418e+02	6.9031e+00
0.5561	5.2518e+02	6.9097e+00
0.5570	5.2818e+02	6.9294e+00
0.5580	5.2491e+02	6.9079e+00
0.5589	5.3136e+02	6.9502e+00
0.5599	5.2036e+02	6.8779e+00
0.5608	5.2527e+02	6.9103e+00
0.5618	5.2636e+02	6.9175e+00
0.5627	5.1809e+02	6.8629e+00
0.5637	5.1445e+02	6.8388e+00
0.5646	5.1700e+02	6.8557e+00
0.5656	5.2455e+02	6.9055e+00
0.5665	5.2855e+02	6.9318e+00
0.5675	5.0755e+02	6.8327e+00
0.5684	5.0800e+02	6.8357e+00
0.5694	5.1655e+02	6.8526e+00
0.5703	5.2227e+02	6.8905e+00
0.5713	5.2836e+02	6.9306e+00
0.5722	5.2318e+02	6.8965e+00
0.5732	5.1336e+02	6.8315e+00
0.5741	5.2164e+02	6.8863e+00
0.5751	5.1709e+02	6.8563e+00
0.5760	5.3145e+02	6.9508e+00
0.5770	5.1582e+02	6.8478e+00
0.5779	5.2727e+02	6.9234e+00
0.5789	5.2600e+02	6.9151e+00
0.5798	5.3009e+02	6.9419e+00
0.5808	5.2255e+02	6.8923e+00
0.5817	5.3091e+02	6.9473e+00
0.5827	5.1418e+02	6.8369e+00
0.5836	5.2336e+02	6.8977e+00
0.5846	5.1591e+02	6.8484e+00
0.5855	5.2600e+02	6.9151e+00
0.5865	5.2291e+02	6.8947e+00
0.5874	5.1709e+02	6.8563e+00
0.5884	5.1882e+02	6.8677e+00
0.5893	5.3064e+02	6.9455e+00
0.5903	5.2991e+02	6.9407e+00
0.5912	5.2482e+02	6.9073e+00
0.5922	5.3182e+02	6.9532e+00
0.5931	5.2755e+02	6.9252e+00
0.5941	5.2373e+02	6.9001e+00
0.5950	5.2218e+02	6.8899e+00
0.5960	5.2500e+02	6.9085e+00
0.5969	5.3491e+02	6.9734e+00
0.5979	5.2327e+02	6.8971e+00
0.5989	5.4382e+02	7.0312e+00
0.5998	5.2218e+02	6.8899e+00
0.6008	5.3427e+02	6.9692e+00
0.6017	5.3727e+02	6.9888e+00
0.6027	5.2091e+02	6.8815e+00
0.6036	5.1627e+02	6.8508e+00
0.6046	5.1245e+02	6.8255e+00
0.6055	5.2236e+02	6.8911e+00
0.6065	5.1818e+02	6.8635e+00
0.6074	5.2382e+02	6.9007e+00
0.6084	5.2527e+02	6.9103e+00
0.6093	5.3182e+02	6.9532e+00
0.6103	5.1109e+02	6.8164e+00
0.6112	5.2336e+02	6.8977e+00
0.6122	5.2018e+02	6.8767e+00
0.6131	5.1855e+02	6.8659e+00
0.6141	5.2691e+02	6.9210e+00
0.6150	5.0527e+02	6.7775e+00
0.6160	5.1655e+02	6.8526e+00
0.6169	5.2364e+02	6.8995e+00
0.6179	5.1418e+02	6.8369e+00
0.6188	5.2727e+02	6.9234e+00
0.6198	5.2282e+02	6.8941e+00
0.6207	5.2400e+02	6.9019e+00
0.6217	5.3036e+02	6.9437e+00
0.6226	5.0409e+02	6.7963e+00
0.6236	5.0436e+02	6.7714e+00
0.6245	4.9882e+02	6.7340e+00
