2.0471	1.0000e+00	1.0000e+00
2.0487	3.0000e+00	1.7321e+00
2.0502	3.0100e+02	1.7349e+01
2.0518	4.5560e+03	6.7498e+01
2.0533	4.1960e+03	6.4777e+01
2.0549	3.8200e+03	6.1806e+01
2.0564	3.6210e+03	6.0175e+01
2.0580	3.4030e+03	5.8335e+01
2.0595	3.1910e+03	5.6489e+01
2.0611	2.7790e+03	5.2716e+01
2.0626	2.3930e+03	4.8918e+01
2.0642	2.0590e+03	4.5376e+01
2.0657	1.5880e+03	3.9850e+01
2.0673	1.2570e+03	3.5454e+01
2.0688	9.3100e+02	3.0512e+01
2.0704	7.9000e+02	2.8107e+01
2.0719	7.1500e+02	2.6739e+01
2.0735	5.4800e+02	2.3409e+01
2.0750	5.0700e+02	2.2517e+01
2.0766	4.6200e+02	2.1494e+01
2.0782	4.3400e+02	2.0833e+01
2.0797	4.1800e+02	2.0445e+01
2.0813	3.7800e+02	1.9442e+01
2.0828	3.3100e+02	1.8193e+01
2.0844	3.2200e+02	1.7944e+01
2.0859	3.1300e+02	1.7692e+01
2.0875	3.6800e+02	1.9183e+01
2.0890	3.1100e+02	1.7635e+01
2.0906	3.4700e+02	1.8628e+01
2.0921	3.4900e+02	1.8682e+01
2.0937	3.5900e+02	1.8947e+01
2.0952	3.5000e+02	1.8708e+01
2.0968	3.3500e+02	1.8303e+01
2.0983	3.4900e+02	1.8682e+01
2.0999	3.5500e+02	1.8841e+01
2.1014	3.8100e+02	1.9519e+01
2.1030	3.8500e+02	1.9621e+01
2.1045	3.3100e+02	1.8193e+01
2.1061	3.3800e+02	1.8385e+01
2.1076	3.7300e+02	1.9313e+01
2.1092	3.6100e+02	1.9000e+01
2.1107	3.3200e+02	1.8221e+01
2.1123	3.1500e+02	1.7748e+01
2.1138	3.3500e+02	1.8303e+01
2.1154	3.4200e+02	1.8493e+01
2.1169	3.3600e+02	1.8330e+01
2.1185	3.6100e+02	1.9000e+01
2.1200	3.3600e+02	1.8330e+01
2.1216	3.5500e+02	1.8841e+01
2.1231	3.5400e+02	1.8815e+01
2.1247	3.7000e+02	1.9235e+01
2.1262	3.2600e+02	1.8055e+01
2.1278	3.6500e+02	1.9105e+01
2.1293	3.2800e+02	1.8111e+01
2.1309	3.9700e+02	1.9925e+01
2.1324	3.8100e+02	1.9519e+01
2.1340	3.5900e+02	1.8947e+01
2.1355	4.0200e+02	2.0050e+01
2.1371	3.5300e+02	1.8788e+01
2.1386	3.7700e+02	1.9416e+01
2.1402	3.1600e+02	1.7776e+01
2.1417	2.3200e+02	1.5232e+01
2.1432	2.3600e+02	1.5362e+01
2.1448	2.4000e+02	1.5492e+01
2.1463	3.0800e+02	1.7550e+01
2.1479	3.0000e+02	1.7321e+01
2.1494	2.8900e+02	1.7000e+01
2.1510	2.7300e+02	1.6523e+01
2.1525	3.3600e+02	1.8330e+01
2.1541	3.7600e+02	1.9391e+01
2.1556	4.0500e+02	2.0125e+01
2.1572	3.7900e+02	1.9468e+01
2.1587	3.1300e+02	1.7692e+01
2.1603	3.3600e+02	1.8330e+01
2.1618	3.7300e+02	1.9313e+01
2.1634	3.8800e+02	1.9698e+01
2.1649	4.3800e+02	2.0928e+01
2.1665	4.4700e+02	2.1142e+01
2.1680	4.6300e+02	2.1517e+01
2.1696	4.6200e+02	2.1494e+01
2.1711	4.6300e+02	2.1517e+01
2.1727	4.8100e+02	2.1932e+01
2.1742	5.1300e+02	2.2650e+01
2.1758	4.2900e+02	2.0712e+01
2.1773	4.9600e+02	2.2271e+01
2.1789	4.6700e+02	2.1610e+01
2.1804	4.6800e+02	2.1633e+01
2.1820	5.4800e+02	2.3409e+01
2.1835	5.2800e+02	2.2978e+01
2.1851	5.8600e+02	2.4207e+01
2.1866	5.7100e+02	2.3896e+01
2.1881	6.3800e+02	2.5259e+01
2.1897	6.3500e+02	2.5199e+01
2.1912	7.1500e+02	2.6739e+01
2.1928	7.9400e+02	2.8178e+01
2.1943	9.3400e+02	3.0561e+01
2.1959	1.3720e+03	3.7041e+01
2.1974	1.5490e+03	3.9357e+01
2.1990	1.7310e+03	4.1605e+01
2.2005	1.5290e+03	3.9102e+01
2.2021	1.0600e+03	3.2558e+01
2.2036	9.0000e+02	3.0000e+01
2.2052	7.3800e+02	2.7166e+01
2.2067	8.2000e+02	2.8636e+01
2.2083	7.5600e+02	2.7495e+01
2.2098	8.0200e+02	2.8320e+01
2.2113	7.5400e+02	2.7459e+01
2.2129	7.5700e+02	2.7514e+01
2.2144	7.6700e+02	2.7695e+01
2.2160	7.7500e+02	2.7839e+01
2.2175	7.9400e+02	2.8178e+01
2.2191	8.4100e+02	2.9000e+01
2.2206	8.0300e+02	2.8337e+01
2.2222	7.8900e+02	2.8089e+01
2.2237	7.9400e+02	2.8178e+01
2.2253	8.3100e+02	2.8827e+01
2.2268	7.8300e+02	2.7982e+01
2.2284	8.2800e+02	2.8775e+01
2.2299	8.2400e+02	2.8705e+01
2.2314	7.9300e+02	2.8160e+01
2.2330	7.8800e+02	2.8071e+01
2.2345	8.3700e+02	2.8931e+01
2.2361	7.6000e+02	2.7568e+01
2.2376	7.4600e+02	2.7313e+01
2.2392	7.6300e+02	2.7622e+01
2.2407	7.2400e+02	2.6907e+01
2.2423	6.8300e+02	2.6134e+01
2.2438	7.2100e+02	2.6851e+01
2.2453	7.0600e+02	2.6571e+01
2.2469	6.0500e+02	2.4597e+01
2.2484	5.8400e+02	2.4166e+01
2.2500	5.7900e+02	2.4062e+01
2.2515	4.9800e+02	2.2316e+01
2.2531	4.1400e+02	2.0347e+01
2.2546	4.0400e+02	2.0100e+01
2.2562	3.2000e+02	1.7889e+01
2.2577	2.5000e+02	1.5811e+01
2.2592	2.3900e+02	1.5460e+01
2.2608	1.8200e+02	1.3491e+01
2.2623	1.6400e+02	1.2806e+01
2.2639	1.2900e+02	1.1358e+01
2.2654	9.6000e+01	9.7980e+00
2.2670	6.9000e+01	8.3066e+00
2.2685	6.1000e+01	7.8102e+00
2.2701	7.6000e+01	8.7178e+00
2.2716	6.3000e+01	7.9373e+00
2.2731	6.0000e+01	7.7460e+00
2.2747	5.2000e+01	7.2111e+00
2.2762	4.8000e+01	6.9282e+00
2.2778	5.6000e+01	7.4833e+00
2.2793	4.3000e+01	6.5574e+00
2.2809	4.9000e+01	7.0000e+00
2.2824	0.0000e+00	0.0000e+00
2.2839	0.0000e+00	0.0000e+00
2.2855	1.0000e+00	1.0000e+00
2.2870	2.0000e+00	1.4142e+00
2.2886	0.0000e+00	0.0000e+00
2.2901	0.0000e+00	0.0000e+00
2.2917	2.0000e+00	1.4142e+00
2.2932	0.0000e+00	0.0000e+00
2.2947	3.0000e+00	1.7321e+00
2.2963	1.0000e+00	1.0000e+00
2.2978	1.0000e+00	1.0000e+00
2.2994	1.0000e+00	1.0000e+00
2.3009	2.0000e+00	1.4142e+00
2.3025	3.0000e+00	1.7321e+00
2.3040	1.0000e+00	1.0000e+00
2.3055	0.0000e+00	0.0000e+00
2.3071	1.0000e+00	1.0000e+00
2.3086	0.0000e+00	0.0000e+00
2.3102	0.0000e+00	0.0000e+00
2.3117	1.0000e+00	1.0000e+00
2.3132	0.0000e+00	0.0000e+00
2.3148	0.0000e+00	0.0000e+00
2.3163	0.0000e+00	0.0000e+00
2.3179	1.0000e+00	1.0000e+00
2.3194	2.0000e+00	1.4142e+00
2.3209	0.0000e+00	0.0000e+00
2.3225	0.0000e+00	0.0000e+00
2.3240	0.0000e+00	0.0000e+00
2.3256	0.0000e+00	0.0000e+00
2.3271	0.0000e+00	0.0000e+00
2.3286	0.0000e+00	0.0000e+00
2.3302	0.0000e+00	0.0000e+00
2.3317	1.0000e+00	1.0000e+00
2.3333	0.0000e+00	0.0000e+00
2.3348	0.0000e+00	0.0000e+00
2.3363	2.0000e+00	1.4142e+00
2.3379	1.0000e+00	1.0000e+00
2.3394	1.0000e+00	1.0000e+00
2.3410	0.0000e+00	0.0000e+00
2.3425	1.0000e+00	1.0000e+00
2.3440	1.0000e+00	1.0000e+00
2.3456	0.0000e+00	0.0000e+00
2.3471	0.0000e+00	0.0000e+00
