-0.0057	2.5000e+00	1.1180e+00
-0.0049	2.5000e+00	1.1180e+00
-0.0041	4.5000e+00	1.5000e+00
-0.0032	3.0000e+00	1.2247e+00
-0.0024	1.5000e+00	8.6603e-01
-0.0016	1.5000e+00	8.6603e-01
-0.0008	4.0000e+00	1.4142e+00
0.0000	1.5000e+00	8.6603e-01
0.0008	1.0000e+00	7.0711e-01
0.0017	2.0000e+00	1.0000e+00
0.0025	6.5000e+00	1.8028e+00
0.0033	2.5000e+00	1.1180e+00
0.0041	3.5000e+00	1.3229e+00
0.0049	2.0000e+00	1.0000e+00
0.0058	4.0000e+00	1.4142e+00
0.0066	3.5000e+00	1.3229e+00
0.0074	3.0000e+00	1.2247e+00
0.0082	2.5000e+00	1.1180e+00
0.0090	4.5000e+00	1.5000e+00
0.0098	6.5000e+00	1.8028e+00
0.0107	1.8800e+02	9.6954e+00
0.0115	4.3520e+03	4.6648e+01
0.0123	5.1010e+03	5.0502e+01
0.0131	4.3980e+03	4.6893e+01
0.0139	3.7875e+03	4.3517e+01
0.0148	3.3555e+03	4.0960e+01
0.0156	2.8495e+03	3.7746e+01
0.0164	2.5460e+03	3.5679e+01
0.0172	2.4485e+03	3.4989e+01
0.0180	2.5780e+03	3.5903e+01
0.0189	2.9835e+03	3.8623e+01
0.0197	3.5585e+03	4.2181e+01
0.0205	8.2790e+03	6.4339e+01
0.0213	2.3952e+04	1.0943e+02
0.0221	3.0007e+04	1.2249e+02
0.0229	6.6510e+03	5.7667e+01
0.0238	3.2770e+03	4.0478e+01
0.0246	2.4090e+03	3.4706e+01
0.0254	1.9435e+03	3.1173e+01
0.0262	1.7230e+03	2.9351e+01
0.0270	1.4935e+03	2.7327e+01
0.0279	1.3810e+03	2.6277e+01
0.0287	1.2980e+03	2.5475e+01
0.0295	1.1890e+03	2.4382e+01
0.0303	1.2350e+03	2.4850e+01
0.0311	1.1955e+03	2.4449e+01
0.0319	1.2395e+03	2.4895e+01
0.0328	1.3465e+03	2.5947e+01
0.0336	1.4365e+03	2.6800e+01
0.0344	1.8540e+03	3.0447e+01
0.0352	2.8540e+03	3.7776e+01
0.0360	4.7385e+03	4.8675e+01
0.0369	6.7925e+03	5.8277e+01
0.0377	4.3360e+03	4.6562e+01
0.0385	3.0370e+03	3.8968e+01
0.0393	2.5398e+03	3.5635e+01
0.0401	2.5685e+03	3.5836e+01
0.0409	3.1560e+03	3.9724e+01
0.0418	3.9435e+03	4.4404e+01
0.0426	4.4865e+03	4.7363e+01
0.0434	2.7445e+03	3.7044e+01
0.0442	1.9000e+03	3.0822e+01
0.0450	1.5175e+03	2.7545e+01
0.0459	1.2260e+03	2.4759e+01
0.0467	1.0440e+03	2.2847e+01
0.0475	9.7400e+02	2.2068e+01
0.0483	9.2750e+02	2.1535e+01
0.0491	8.6100e+02	2.0748e+01
0.0500	8.6200e+02	2.0761e+01
0.0508	8.8800e+02	2.1071e+01
0.0516	9.0900e+02	2.1319e+01
0.0524	1.0025e+03	2.2389e+01
0.0532	1.1685e+03	2.4171e+01
0.0540	1.4090e+03	2.6542e+01
0.0549	1.7635e+03	2.9694e+01
0.0557	2.0655e+03	3.2136e+01
0.0565	1.8395e+03	3.0327e+01
0.0573	1.5005e+03	2.7391e+01
0.0581	1.2340e+03	2.4839e+01
0.0590	1.0670e+03	2.3098e+01
0.0598	9.9600e+02	2.2316e+01
0.0606	8.9150e+02	2.1113e+01
0.0614	8.3650e+02	2.0451e+01
0.0622	8.2000e+02	2.0248e+01
0.0630	8.0850e+02	2.0106e+01
0.0639	7.1700e+02	1.8934e+01
0.0647	6.2400e+02	1.7664e+01
0.0655	5.4400e+02	1.6492e+01
0.0663	5.1650e+02	1.6070e+01
0.0671	4.5400e+02	1.5067e+01
0.0680	4.3950e+02	1.4824e+01
0.0688	4.2400e+02	1.4560e+01
0.0696	4.0400e+02	1.4213e+01
0.0704	3.9900e+02	1.4124e+01
0.0712	4.0100e+02	1.4160e+01
0.0721	4.1600e+02	1.4422e+01
0.0729	4.2450e+02	1.4569e+01
0.0737	4.2100e+02	1.4509e+01
0.0745	4.2400e+02	1.4560e+01
0.0753	3.9400e+02	1.4036e+01
0.0761	3.7850e+02	1.3757e+01
0.0770	3.7400e+02	1.3675e+01
0.0778	3.2950e+02	1.2835e+01
0.0786	2.7500e+02	1.1726e+01
0.0794	2.6600e+02	1.1533e+01
0.0802	2.6500e+02	1.1511e+01
0.0811	2.2950e+02	1.0712e+01
0.0819	2.3200e+02	1.0770e+01
0.0827	2.1300e+02	1.0320e+01
0.0835	2.1150e+02	1.0283e+01
0.0843	2.0200e+02	1.0050e+01
0.0851	1.8700e+02	9.6695e+00
0.0860	1.9600e+02	9.8995e+00
0.0868	1.6750e+02	9.1515e+00
0.0876	1.4600e+02	8.5440e+00
0.0884	1.4850e+02	8.6168e+00
0.0892	1.7000e+02	9.2195e+00
0.0901	1.7150e+02	9.2601e+00
0.0909	1.4550e+02	8.5294e+00
0.0917	1.6500e+02	9.0830e+00
0.0925	1.4850e+02	8.6168e+00
0.0933	1.4800e+02	8.6023e+00
0.0941	1.5250e+02	8.7321e+00
0.0950	1.4600e+02	8.5440e+00
0.0958	1.4100e+02	8.3964e+00
0.0966	1.2900e+02	8.0312e+00
0.0974	1.3700e+02	8.2765e+00
0.0982	1.2300e+02	7.8422e+00
0.0991	1.2550e+02	7.9215e+00
0.0999	1.3000e+02	8.0623e+00
0.1007	1.3000e+02	8.0623e+00
0.1015	1.1100e+02	7.4498e+00
0.1023	1.2500e+02	7.9057e+00
0.1031	1.1950e+02	7.7298e+00
0.1040	1.2900e+02	8.0312e+00
0.1048	1.2150e+02	7.7942e+00
0.1056	1.0400e+02	7.2111e+00
0.1064	1.1450e+02	7.5664e+00
0.1072	1.1700e+02	7.6485e+00
0.1081	1.3050e+02	8.0777e+00
0.1089	1.1850e+02	7.6974e+00
0.1097	1.3200e+02	8.1240e+00
0.1105	9.5500e+01	6.9101e+00
0.1113	1.1650e+02	7.6322e+00
0.1121	1.0550e+02	7.2629e+00
0.1130	1.0550e+02	7.2629e+00
0.1138	1.1900e+02	7.7136e+00
0.1146	1.0600e+02	7.2801e+00
0.1154	1.0750e+02	7.3314e+00
0.1162	1.0150e+02	7.1239e+00
0.1171	1.2100e+02	7.7782e+00
0.1179	1.0400e+02	7.2111e+00
0.1187	3.8000e+01	4.3589e+00
0.1195	1.3500e+01	2.5981e+00
0.1203	1.0000e+00	7.0711e-01
0.1211	5.0000e-01	5.0000e-01
0.1220	5.0000e-01	5.0000e-01
0.1228	5.0000e-01	5.0000e-01
0.1236	1.5000e+00	8.6603e-01
0.1244	5.0000e-01	5.0000e-01
0.1252	1.5000e+00	8.6603e-01
0.1261	1.0000e+00	7.0711e-01
0.1269	5.0000e-01	5.0000e-01
0.1277	5.0000e-01	5.0000e-01
0.1285	0.0000e+00	0.0000e+00
0.1293	0.0000e+00	0.0000e+00
0.1301	1.0000e+00	7.0711e-01
0.1310	0.0000e+00	0.0000e+00
0.1318	0.0000e+00	0.0000e+00
0.1326	5.0000e-01	5.0000e-01
0.1334	0.0000e+00	0.0000e+00
0.1342	0.0000e+00	0.0000e+00
0.1351	0.0000e+00	0.0000e+00
0.1359	0.0000e+00	0.0000e+00
0.1367	0.0000e+00	0.0000e+00
0.1375	5.0000e-01	5.0000e-01
0.1383	0.0000e+00	0.0000e+00
0.1391	0.0000e+00	0.0000e+00
0.1400	1.0000e+00	7.0711e-01
0.1408	0.0000e+00	0.0000e+00
0.1416	0.0000e+00	0.0000e+00
0.1424	5.0000e-01	5.0000e-01
0.1432	0.0000e+00	0.0000e+00
0.1441	5.0000e-01	5.0000e-01
0.1449	0.0000e+00	0.0000e+00
0.1457	0.0000e+00	0.0000e+00
0.1465	5.0000e-01	5.0000e-01
0.1473	0.0000e+00	0.0000e+00
0.1481	0.0000e+00	0.0000e+00
0.1490	0.0000e+00	0.0000e+00
0.1498	5.0000e-01	5.0000e-01
0.1506	0.0000e+00	0.0000e+00
0.1514	0.0000e+00	0.0000e+00
0.1522	0.0000e+00	0.0000e+00
0.1531	0.0000e+00	0.0000e+00
