-41.1443	0.0000e+00	0.0000e+00
-34.2076	9.7904e-08	9.7904e-08
-27.2709	9.7904e-08	9.7904e-08
-20.3342	1.9581e-07	1.3846e-07
-13.3975	1.9581e-07	1.3846e-07
-6.4608	9.7904e-08	9.7904e-08
0.4759	0.0000e+00	0.0000e+00
7.4126	9.7904e-08	9.7904e-08
14.3493	9.7904e-08	9.7904e-08
21.2860	0.0000e+00	0.0000e+00
28.2227	1.9581e-07	1.3846e-07
35.1594	9.7904e-08	9.7904e-08
42.0961	2.9371e-07	1.6957e-07
49.0328	9.7904e-08	9.7904e-08
55.9695	2.9371e-07	1.6957e-07
62.9062	1.9581e-07	1.3846e-07
69.8429	0.0000e+00	0.0000e+00
76.7796	0.0000e+00	0.0000e+00
83.7163	1.9581e-07	1.3846e-07
90.6530	1.9581e-07	1.3846e-07
97.5897	9.7904e-08	9.7904e-08
104.5264	0.0000e+00	0.0000e+00
111.4631	0.0000e+00	0.0000e+00
118.3998	2.9371e-07	1.6957e-07
125.3365	0.0000e+00	0.0000e+00
132.2732	0.0000e+00	0.0000e+00
139.2099	9.7904e-08	9.7904e-08
146.1466	1.9581e-07	1.3846e-07
153.0833	0.0000e+00	0.0000e+00
160.0200	0.0000e+00	0.0000e+00
166.9567	0.0000e+00	0.0000e+00
173.8934	0.0000e+00	0.0000e+00
180.8301	0.0000e+00	0.0000e+00
187.7668	0.0000e+00	0.0000e+00
194.7035	0.0000e+00	0.0000e+00
201.6402	0.0000e+00	0.0000e+00
208.5769	0.0000e+00	0.0000e+00
215.5136	0.0000e+00	0.0000e+00
222.4503	0.0000e+00	0.0000e+00
229.3870	0.0000e+00	0.0000e+00
236.3237	0.0000e+00	0.0000e+00
243.2604	0.0000e+00	0.0000e+00
250.1971	0.0000e+00	0.0000e+00
257.1338	0.0000e+00	0.0000e+00
264.0705	0.0000e+00	0.0000e+00
271.0072	0.0000e+00	0.0000e+00
277.9439	0.0000e+00	0.0000e+00
284.8806	0.0000e+00	0.0000e+00
291.8173	0.0000e+00	0.0000e+00
298.7540	0.0000e+00	0.0000e+00
305.6907	0.0000e+00	0.0000e+00
312.6274	0.0000e+00	0.0000e+00
319.5641	0.0000e+00	0.0000e+00
326.5008	0.0000e+00	0.0000e+00
333.4375	0.0000e+00	0.0000e+00
340.3742	0.0000e+00	0.0000e+00
347.3109	0.0000e+00	0.0000e+00
354.2476	0.0000e+00	0.0000e+00
361.1843	0.0000e+00	0.0000e+00
368.1210	0.0000e+00	0.0000e+00
375.0577	0.0000e+00	0.0000e+00
381.9944	0.0000e+00	0.0000e+00
388.9311	0.0000e+00	0.0000e+00
395.8678	0.0000e+00	0.0000e+00
402.8045	0.0000e+00	0.0000e+00
409.7412	0.0000e+00	0.0000e+00
416.6779	0.0000e+00	0.0000e+00
423.6146	0.0000e+00	0.0000e+00
430.5513	0.0000e+00	0.0000e+00
437.4880	0.0000e+00	0.0000e+00
444.4247	0.0000e+00	0.0000e+00
451.3614	0.0000e+00	0.0000e+00
458.2981	0.0000e+00	0.0000e+00
465.2348	0.0000e+00	0.0000e+00
472.1715	0.0000e+00	0.0000e+00
479.1082	0.0000e+00	0.0000e+00
486.0449	0.0000e+00	0.0000e+00
492.9816	0.0000e+00	0.0000e+00
499.9183	0.0000e+00	0.0000e+00
506.8550	0.0000e+00	0.0000e+00
513.7917	0.0000e+00	0.0000e+00
520.7284	0.0000e+00	0.0000e+00
527.6651	0.0000e+00	0.0000e+00
534.6018	0.0000e+00	0.0000e+00
541.5385	0.0000e+00	0.0000e+00
548.4752	0.0000e+00	0.0000e+00
555.4119	0.0000e+00	0.0000e+00
562.3486	0.0000e+00	0.0000e+00
569.2853	0.0000e+00	0.0000e+00
576.2220	0.0000e+00	0.0000e+00
583.1587	0.0000e+00	0.0000e+00
590.0954	0.0000e+00	0.0000e+00
597.0321	0.0000e+00	0.0000e+00
603.9688	0.0000e+00	0.0000e+00
610.9055	0.0000e+00	0.0000e+00
617.8422	0.0000e+00	0.0000e+00
624.7789	0.0000e+00	0.0000e+00
631.7156	0.0000e+00	0.0000e+00
638.6523	0.0000e+00	0.0000e+00
645.5890	0.0000e+00	0.0000e+00
652.5257	0.0000e+00	0.0000e+00
659.4624	0.0000e+00	0.0000e+00
666.3991	0.0000e+00	0.0000e+00
673.3358	0.0000e+00	0.0000e+00
680.2725	0.0000e+00	0.0000e+00
687.2092	0.0000e+00	0.0000e+00
694.1459	0.0000e+00	0.0000e+00
701.0826	0.0000e+00	0.0000e+00
708.0193	0.0000e+00	0.0000e+00
714.9560	0.0000e+00	0.0000e+00
721.8927	0.0000e+00	0.0000e+00
728.8294	0.0000e+00	0.0000e+00
735.7661	0.0000e+00	0.0000e+00
742.7028	0.0000e+00	0.0000e+00
749.6395	0.0000e+00	0.0000e+00
756.5762	0.0000e+00	0.0000e+00
763.5129	0.0000e+00	0.0000e+00
770.4496	0.0000e+00	0.0000e+00
777.3863	0.0000e+00	0.0000e+00
784.3230	0.0000e+00	0.0000e+00
791.2597	0.0000e+00	0.0000e+00
798.1964	0.0000e+00	0.0000e+00
805.1331	0.0000e+00	0.0000e+00
812.0698	0.0000e+00	0.0000e+00
819.0065	0.0000e+00	0.0000e+00
825.9432	0.0000e+00	0.0000e+00
832.8799	0.0000e+00	0.0000e+00
839.8166	9.7904e-08	9.7904e-08
846.7533	0.0000e+00	0.0000e+00
853.6900	0.0000e+00	0.0000e+00
860.6267	0.0000e+00	0.0000e+00
867.5634	0.0000e+00	0.0000e+00
874.5001	9.7904e-08	9.7904e-08
881.4368	0.0000e+00	0.0000e+00
888.3735	0.0000e+00	0.0000e+00
895.3102	0.0000e+00	0.0000e+00
902.2469	0.0000e+00	0.0000e+00
909.1836	0.0000e+00	0.0000e+00
916.1203	0.0000e+00	0.0000e+00
923.0570	0.0000e+00	0.0000e+00
929.9937	0.0000e+00	0.0000e+00
936.9304	0.0000e+00	0.0000e+00
943.8671	0.0000e+00	0.0000e+00
950.8038	1.9581e-07	1.3846e-07
957.7405	1.9581e-07	1.3846e-07
964.6772	0.0000e+00	0.0000e+00
971.6139	4.8952e-07	2.1892e-07
978.5506	1.9581e-07	1.3846e-07
985.4873	0.0000e+00	0.0000e+00
992.4240	3.9162e-07	1.9581e-07
999.3607	1.9581e-07	1.3846e-07
1006.2974	3.9162e-07	1.9581e-07
1013.2341	9.7904e-07	3.0960e-07
1020.1708	1.1748e-06	3.3915e-07
1027.1075	7.8323e-07	2.7691e-07
1034.0442	1.7623e-06	4.1537e-07
1040.9809	1.6644e-06	4.0367e-07
1047.9176	2.6434e-06	5.0872e-07
1054.8543	2.8392e-06	5.2723e-07
1061.7910	4.3078e-06	6.4942e-07
1068.7277	2.5455e-06	4.9921e-07
1075.6644	4.5036e-06	6.6402e-07
1082.6011	5.7763e-06	7.5202e-07
1089.5378	8.3218e-06	9.0263e-07
1096.4745	8.0281e-06	8.8656e-07
1103.4112	8.7134e-06	9.2363e-07
1110.3479	1.0574e-05	1.0175e-06
1117.2846	9.9862e-06	9.8878e-07
1124.2213	1.0867e-05	1.0315e-06
1131.1580	1.3804e-05	1.1626e-06
1138.0947	1.4979e-05	1.2110e-06
1145.0314	1.7329e-05	1.3025e-06
1151.9681	1.4392e-05	1.1870e-06
1158.9048	1.5273e-05	1.2228e-06
1165.8415	2.1539e-05	1.4522e-06
1172.7782	2.2322e-05	1.4783e-06
1179.7149	1.9189e-05	1.3707e-06
1186.6516	2.2322e-05	1.4783e-06
1193.5883	1.9972e-05	1.3984e-06
1200.5250	2.1441e-05	1.4489e-06
1207.4617	2.3595e-05	1.5199e-06
1214.3984	2.3595e-05	1.5199e-06
1221.3351	2.4182e-05	1.5387e-06
1228.2718	2.5749e-05	1.5878e-06
1235.2085	2.4378e-05	1.5449e-06
1242.1452	2.4182e-05	1.5387e-06
1249.0819	2.6238e-05	1.6028e-06
1256.0186	2.7217e-05	1.6324e-06
1262.9553	2.5259e-05	1.5726e-06
1269.8920	2.4868e-05	1.5603e-06
1276.8287	2.5161e-05	1.5695e-06
1283.7654	2.6728e-05	1.6177e-06
1290.7021	2.4280e-05	1.5418e-06
1297.6388	2.5357e-05	1.5756e-06
1304.5755	2.4280e-05	1.5418e-06
1311.5122	2.8294e-05	1.6644e-06
1318.4489	2.5847e-05	1.5908e-06
1325.3856	2.3986e-05	1.5325e-06
1332.3223	2.4770e-05	1.5573e-06
1339.2590	2.6042e-05	1.5968e-06
1346.1957	2.5259e-05	1.5726e-06
1353.1324	2.2812e-05	1.4945e-06
1360.0691	2.7119e-05	1.6295e-06
1367.0058	2.5847e-05	1.5908e-06
1373.9425	2.6140e-05	1.5998e-06
1380.8792	2.5063e-05	1.5665e-06
1387.8159	2.3301e-05	1.5104e-06
1394.7526	2.6336e-05	1.6058e-06
1401.6893	2.7707e-05	1.6470e-06
1408.6260	2.5749e-05	1.5878e-06
1415.5627	2.4280e-05	1.5418e-06
1422.4994	2.5553e-05	1.5817e-06
1429.4361	2.7511e-05	1.6412e-06
1436.3728	2.5161e-05	1.5695e-06
1443.3095	2.6336e-05	1.6058e-06
1450.2462	2.6728e-05	1.6177e-06
1457.1829	2.5063e-05	1.5665e-06
1464.1196	2.3693e-05	1.5230e-06
1471.0563	2.5945e-05	1.5938e-06
1477.9930	2.6238e-05	1.6028e-06
1484.9297	2.3301e-05	1.5104e-06
1491.8664	2.6238e-05	1.6028e-06
1498.8031	2.6140e-05	1.5998e-06
1505.7398	2.6336e-05	1.6058e-06
1512.6765	2.5847e-05	1.5908e-06
1519.6132	2.5357e-05	1.5756e-06
1526.5499	2.5063e-05	1.5665e-06
1533.4866	2.3203e-05	1.5072e-06
1540.4233	2.4965e-05	1.5634e-06
1547.3600	2.4965e-05	1.5634e-06
1554.2967	2.5357e-05	1.5756e-06
1561.2334	2.5161e-05	1.5695e-06
1568.1701	2.3889e-05	1.5293e-06
1575.1068	2.4672e-05	1.5542e-06
1582.0435	2.5651e-05	1.5847e-06
1588.9802	2.3203e-05	1.5072e-06
1595.9169	2.6434e-05	1.6087e-06
1602.8536	2.6336e-05	1.6058e-06
1609.7903	2.4574e-05	1.5511e-06
1616.7270	2.6434e-05	1.6087e-06
1623.6637	2.9567e-05	1.7014e-06
1630.6004	2.4770e-05	1.5573e-06
1637.5371	2.5553e-05	1.5817e-06
1644.4738	2.6532e-05	1.6117e-06
1651.4105	2.3007e-05	1.5009e-06
1658.3472	2.3791e-05	1.5262e-06
1665.2839	2.4280e-05	1.5418e-06
1672.2206	2.4476e-05	1.5480e-06
1679.1573	2.5847e-05	1.5908e-06
1686.0940	2.2224e-05	1.4751e-06
1693.0307	2.2420e-05	1.4816e-06
1699.9674	2.6140e-05	1.5998e-06
1706.9041	2.3693e-05	1.5230e-06
1713.8408	2.5847e-05	1.5908e-06
1720.7775	2.1833e-05	1.4620e-06
1727.7142	2.3203e-05	1.5072e-06
1734.6509	2.6238e-05	1.6028e-06
1741.5876	2.6924e-05	1.6236e-06
1748.5243	2.4770e-05	1.5573e-06
1755.4610	2.7315e-05	1.6353e-06
1762.3977	2.5357e-05	1.5756e-06
1769.3344	2.7903e-05	1.6528e-06
1776.2711	2.6434e-05	1.6087e-06
1783.2078	2.2322e-05	1.4783e-06
1790.1445	2.5357e-05	1.5756e-06
1797.0812	2.8392e-05	1.6673e-06
1804.0179	2.9371e-05	1.6958e-06
1810.9546	2.3595e-05	1.5199e-06
1817.8913	2.7511e-05	1.6412e-06
1824.8280	2.7609e-05	1.6441e-06
1831.7647	2.6336e-05	1.6058e-06
1838.7014	2.6238e-05	1.6028e-06
1845.6381	2.5357e-05	1.5756e-06
1852.5748	2.7609e-05	1.6441e-06
1859.5115	2.7021e-05	1.6265e-06
1866.4482	2.5455e-05	1.5787e-06
1873.3849	2.6924e-05	1.6236e-06
1880.3216	2.6532e-05	1.6117e-06
1887.2583	2.7609e-05	1.6441e-06
1894.1950	2.8784e-05	1.6787e-06
1901.1317	2.7511e-05	1.6412e-06
1908.0684	2.9273e-05	1.6929e-06
1915.0051	3.1036e-05	1.7432e-06
1921.9418	2.4868e-05	1.5603e-06
1928.8785	2.6826e-05	1.6206e-06
1935.8152	2.5455e-05	1.5787e-06
1942.7519	2.9567e-05	1.7014e-06
1949.6886	2.8980e-05	1.6844e-06
1956.6253	2.6630e-05	1.6147e-06
1963.5620	2.4084e-05	1.5356e-06
1970.4987	2.7315e-05	1.6353e-06
1977.4354	2.3007e-05	1.5009e-06
1984.3721	2.9469e-05	1.6986e-06
1991.3088	2.7609e-05	1.6441e-06
1998.2455	2.7315e-05	1.6353e-06
2005.1822	2.4868e-05	1.5603e-06
2012.1189	2.6238e-05	1.6028e-06
2019.0556	2.6826e-05	1.6206e-06
2025.9923	2.9371e-05	1.6958e-06
2032.9290	3.0350e-05	1.7238e-06
2039.8657	3.0840e-05	1.7376e-06
2046.8024	3.1231e-05	1.7486e-06
2053.7391	2.7217e-05	1.6324e-06
2060.6758	2.7413e-05	1.6383e-06
2067.6125	2.9077e-05	1.6873e-06
2074.5492	3.0154e-05	1.7182e-06
2081.4859	2.8588e-05	1.6730e-06
2088.4226	2.8686e-05	1.6759e-06
2095.3593	2.8980e-05	1.6844e-06
2102.2960	2.8980e-05	1.6844e-06
2109.2327	2.7511e-05	1.6412e-06
2116.1694	2.7707e-05	1.6470e-06
2123.1061	2.7609e-05	1.6441e-06
2130.0428	2.4868e-05	1.5603e-06
2136.9795	2.9469e-05	1.6986e-06
2143.9162	3.1623e-05	1.7596e-06
2150.8529	2.9273e-05	1.6929e-06
2157.7896	2.5553e-05	1.5817e-06
2164.7263	2.9861e-05	1.7098e-06
2171.6630	2.7021e-05	1.6265e-06
2178.5997	2.7903e-05	1.6528e-06
2185.5364	2.7805e-05	1.6499e-06
2192.4731	2.8588e-05	1.6730e-06
2199.4098	2.7903e-05	1.6528e-06
2206.3465	3.1231e-05	1.7486e-06
2213.2832	3.0840e-05	1.7376e-06
2220.2199	3.0350e-05	1.7238e-06
2227.1566	3.2015e-05	1.7704e-06
2234.0933	2.9077e-05	1.6873e-06
2241.0300	3.1231e-05	1.7486e-06
2247.9667	2.8196e-05	1.6615e-06
2254.9034	2.9371e-05	1.6958e-06
2261.8401	2.9469e-05	1.6986e-06
2268.7768	2.9861e-05	1.7098e-06
2275.7135	2.8098e-05	1.6586e-06
2282.6502	3.0644e-05	1.7321e-06
2289.5869	2.9763e-05	1.7070e-06
2296.5236	2.8980e-05	1.6844e-06
2303.4603	2.8294e-05	1.6644e-06
2310.3970	2.9665e-05	1.7042e-06
2317.3337	2.9077e-05	1.6873e-06
2324.2704	3.0546e-05	1.7293e-06
2331.2071	2.9567e-05	1.7014e-06
2338.1438	2.7119e-05	1.6295e-06
2345.0805	2.8980e-05	1.6844e-06
2352.0172	2.9567e-05	1.7014e-06
2358.9539	2.9959e-05	1.7126e-06
2365.8906	3.0938e-05	1.7404e-06
2372.8273	3.0252e-05	1.7210e-06
2379.7640	2.8882e-05	1.6816e-06
2386.7007	2.8098e-05	1.6586e-06
2393.6374	2.7217e-05	1.6324e-06
2400.5741	2.9665e-05	1.7042e-06
2407.5108	2.5749e-05	1.5878e-06
2414.4475	3.0350e-05	1.7238e-06
2421.3842	3.1231e-05	1.7486e-06
2428.3209	2.9273e-05	1.6929e-06
2435.2576	2.5259e-05	1.5726e-06
2442.1943	2.6728e-05	1.6177e-06
2449.1310	2.9469e-05	1.6986e-06
2456.0677	2.8392e-05	1.6673e-06
2463.0044	3.0350e-05	1.7238e-06
2469.9411	2.6532e-05	1.6117e-06
2476.8778	2.7119e-05	1.6295e-06
2483.8145	2.8490e-05	1.6701e-06
2490.7512	2.8490e-05	1.6701e-06
2497.6879	2.8196e-05	1.6615e-06
2504.6246	2.9077e-05	1.6873e-06
2511.5613	3.0056e-05	1.7154e-06
2518.4980	2.6924e-05	1.6236e-06
2525.4347	3.2210e-05	1.7758e-06
2532.3714	2.6826e-05	1.6206e-06
2539.3081	2.9077e-05	1.6873e-06
2546.2448	2.9273e-05	1.6929e-06
2553.1815	2.8001e-05	1.6557e-06
2560.1182	2.5847e-05	1.5908e-06
2567.0549	2.9273e-05	1.6929e-06
2573.9916	2.6042e-05	1.5968e-06
2580.9283	2.5749e-05	1.5878e-06
2587.8650	2.7119e-05	1.6295e-06
2594.8017	2.6238e-05	1.6028e-06
2601.7384	2.7315e-05	1.6353e-06
2608.6751	2.5945e-05	1.5938e-06
2615.6118	2.7511e-05	1.6412e-06
2622.5485	2.7315e-05	1.6353e-06
2629.4852	2.5063e-05	1.5665e-06
2636.4219	2.6042e-05	1.5968e-06
2643.3586	2.7413e-05	1.6383e-06
2650.2953	2.8001e-05	1.6557e-06
2657.2320	2.6140e-05	1.5998e-06
2664.1687	2.7805e-05	1.6499e-06
2671.1054	2.5847e-05	1.5908e-06
2678.0421	2.3399e-05	1.5136e-06
2684.9788	2.5945e-05	1.5938e-06
2691.9155	2.1637e-05	1.4555e-06
2698.8522	2.5749e-05	1.5878e-06
2705.7889	2.5455e-05	1.5787e-06
2712.7256	2.3301e-05	1.5104e-06
2719.6623	2.4280e-05	1.5418e-06
2726.5990	2.3595e-05	1.5199e-06
2733.5357	2.2224e-05	1.4751e-06
2740.4724	2.4378e-05	1.5449e-06
2747.4091	2.2224e-05	1.4751e-06
2754.3458	2.5455e-05	1.5787e-06
2761.2825	2.3986e-05	1.5325e-06
2768.2192	2.5553e-05	1.5817e-06
2775.1559	2.1735e-05	1.4587e-06
2782.0926	2.3595e-05	1.5199e-06
2789.0293	1.9972e-05	1.3984e-06
2795.9660	2.3889e-05	1.5293e-06
2802.9027	2.1245e-05	1.4422e-06
2809.8394	2.2714e-05	1.4912e-06
2816.7761	2.0070e-05	1.4018e-06
2823.7128	2.1930e-05	1.4653e-06
2830.6495	2.2518e-05	1.4848e-06
2837.5862	1.8602e-05	1.3495e-06
2844.5229	2.1441e-05	1.4489e-06
2851.4596	2.1343e-05	1.4455e-06
2858.3963	2.0854e-05	1.4289e-06
2865.3330	1.8993e-05	1.3637e-06
2872.2697	1.7329e-05	1.3025e-06
2879.2064	2.0756e-05	1.4255e-06
2886.1431	1.9777e-05	1.3915e-06
2893.0798	2.0168e-05	1.4052e-06
2900.0165	1.9385e-05	1.3776e-06
2906.9532	1.7427e-05	1.3062e-06
2913.8899	1.9679e-05	1.3880e-06
2920.8266	1.5860e-05	1.2461e-06
2927.7633	1.7231e-05	1.2989e-06
2934.7000	1.7525e-05	1.3099e-06
2941.6367	1.6546e-05	1.2728e-06
2948.5734	1.8308e-05	1.3388e-06
2955.5101	1.9091e-05	1.3672e-06
2962.4468	1.6742e-05	1.2803e-06
2969.3835	1.6742e-05	1.2803e-06
2976.3202	1.7427e-05	1.3062e-06
2983.2569	1.8308e-05	1.3388e-06
2990.1936	1.4979e-05	1.2110e-06
2997.1303	1.9287e-05	1.3742e-06
3004.0670	1.5469e-05	1.2306e-06
3011.0037	1.5958e-05	1.2500e-06
3017.9404	1.3707e-05	1.1584e-06
3024.8771	1.3217e-05	1.1375e-06
3031.8138	1.5958e-05	1.2500e-06
3038.7505	1.4979e-05	1.2110e-06
3045.6872	1.4588e-05	1.1951e-06
3052.6239	1.3413e-05	1.1459e-06
3059.5606	1.5763e-05	1.2423e-06
3066.4973	1.3021e-05	1.1291e-06
3073.4340	1.2630e-05	1.1120e-06
3080.3707	1.2238e-05	1.0946e-06
3087.3074	1.2336e-05	1.0990e-06
3094.2441	1.3217e-05	1.1375e-06
3101.1808	1.3707e-05	1.1584e-06
3108.1175	1.2825e-05	1.1206e-06
3115.0542	1.2630e-05	1.1120e-06
3121.9909	1.3119e-05	1.1333e-06
3128.9276	1.1553e-05	1.0635e-06
3135.8643	1.3413e-05	1.1459e-06
3142.8010	1.3413e-05	1.1459e-06
3149.7377	1.2336e-05	1.0990e-06
3156.6744	1.1259e-05	1.0499e-06
3163.6111	1.1748e-05	1.0725e-06
3170.5478	1.0574e-05	1.0175e-06
3177.4845	1.1651e-05	1.0680e-06
3184.4212	1.0965e-05	1.0361e-06
3191.3579	1.2140e-05	1.0902e-06
3198.2946	9.5946e-06	9.6920e-07
3205.2313	9.4967e-06	9.6425e-07
3212.1680	1.1063e-05	1.0407e-06
3219.1047	9.7904e-06	9.7904e-07
3226.0414	8.7134e-06	9.2363e-07
3232.9781	8.3218e-06	9.0263e-07
3239.9148	1.1748e-05	1.0725e-06
3246.8515	9.1051e-06	9.4415e-07
3253.7882	9.8883e-06	9.8393e-07
3260.7249	1.1357e-05	1.0545e-06
3267.6616	1.1748e-05	1.0725e-06
3274.5983	1.0965e-05	1.0361e-06
3281.5350	1.2140e-05	1.0902e-06
3288.4717	9.3988e-06	9.5926e-07
3295.4084	1.0769e-05	1.0268e-06
3302.3451	9.6925e-06	9.7414e-07
3309.2818	1.0182e-05	9.9843e-07
3316.2185	9.4967e-06	9.6425e-07
3323.1552	9.7904e-06	9.7904e-07
3330.0919	1.0280e-05	1.0032e-06
3337.0286	7.9302e-06	8.8114e-07
3343.9653	1.0476e-05	1.0127e-06
3350.9020	9.3988e-06	9.5926e-07
3357.8387	9.3988e-06	9.5926e-07
3364.7754	1.0476e-05	1.0127e-06
3371.7121	9.7904e-06	9.7904e-07
3378.6488	1.0182e-05	9.9843e-07
3385.5855	8.2239e-06	8.9731e-07
3392.5222	8.2239e-06	8.9731e-07
3399.4589	9.4967e-06	9.6425e-07
3406.3956	8.6155e-06	9.1842e-07
3413.3323	8.7134e-06	9.2363e-07
3420.2690	7.7344e-06	8.7019e-07
3427.2057	7.6365e-06	8.6467e-07
3434.1424	9.2030e-06	9.4922e-07
3441.0791	8.4197e-06	9.0793e-07
3448.0158	6.8533e-06	8.1912e-07
3454.9525	6.9512e-06	8.2496e-07
3461.8892	9.2030e-06	9.4922e-07
3468.8259	9.1051e-06	9.4415e-07
3475.7626	8.6155e-06	9.1842e-07
3482.6993	9.0072e-06	9.3906e-07
3489.6360	7.5386e-06	8.5911e-07
3496.5727	8.3218e-06	9.0263e-07
3503.5094	7.0491e-06	8.3074e-07
3510.4461	7.6365e-06	8.6467e-07
3517.3828	6.5596e-06	8.0138e-07
3524.3195	8.8114e-06	9.2880e-07
3531.2562	6.5596e-06	8.0138e-07
3538.1929	5.9721e-06	7.6466e-07
3545.1296	7.4407e-06	8.5351e-07
3552.0663	7.3428e-06	8.4788e-07
3559.0030	7.2449e-06	8.4220e-07
3565.9397	8.5176e-06	9.1319e-07
3572.8764	8.6155e-06	9.1842e-07
3579.8131	6.3638e-06	7.8933e-07
3586.7498	7.8323e-06	8.7568e-07
3593.6865	7.1470e-06	8.3649e-07
3600.6232	5.9721e-06	7.6466e-07
3607.5599	8.0281e-06	8.8656e-07
3614.4966	5.7763e-06	7.5202e-07
3621.4333	7.3428e-06	8.4788e-07
3628.3700	5.8742e-06	7.5836e-07
3635.3067	6.6575e-06	8.0734e-07
3642.2434	6.7554e-06	8.1325e-07
3649.1801	5.0910e-06	7.0600e-07
3656.1168	6.2658e-06	7.8323e-07
3663.0535	6.2658e-06	7.8323e-07
3669.9902	5.5805e-06	7.3916e-07
3676.9269	5.4826e-06	7.3265e-07
3683.8636	6.0700e-06	7.7090e-07
3690.8003	6.2658e-06	7.8323e-07
3697.7370	5.8742e-06	7.5836e-07
3704.6737	5.9721e-06	7.6466e-07
3711.6104	6.5596e-06	8.0138e-07
3718.5471	6.7554e-06	8.1325e-07
3725.4838	6.0700e-06	7.7090e-07
3732.4205	7.3428e-06	8.4788e-07
3739.3572	6.7554e-06	8.1325e-07
3746.2939	6.3638e-06	7.8933e-07
3753.2306	6.5596e-06	8.0138e-07
3760.1673	4.1120e-06	6.3449e-07
3767.1040	6.8533e-06	8.1912e-07
3774.0407	4.9931e-06	6.9918e-07
3780.9774	5.9721e-06	7.6466e-07
3787.9141	4.0141e-06	6.2689e-07
3794.8508	4.6015e-06	6.7120e-07
3801.7875	5.8742e-06	7.5836e-07
3808.7242	6.6575e-06	8.0734e-07
3815.6609	5.8742e-06	7.5836e-07
3822.5976	6.7554e-06	8.1325e-07
3829.5343	5.3847e-06	7.2608e-07
3836.4710	4.5036e-06	6.6402e-07
3843.4077	5.2868e-06	7.1945e-07
3850.3444	5.0910e-06	7.0600e-07
3857.2811	6.0700e-06	7.7090e-07
3864.2178	4.8952e-06	6.9229e-07
3871.1545	5.9721e-06	7.6466e-07
3878.0912	6.3638e-06	7.8933e-07
3885.0279	4.3078e-06	6.4942e-07
3891.9646	4.1120e-06	6.3449e-07
3898.9013	5.5805e-06	7.3916e-07
3905.8380	4.5036e-06	6.6402e-07
3912.7747	5.8742e-06	7.5836e-07
3919.7114	5.7763e-06	7.5202e-07
3926.6481	4.7973e-06	6.8533e-07
3933.5848	3.8183e-06	6.1141e-07
3940.5215	4.5036e-06	6.6402e-07
3947.4582	4.2099e-06	6.4200e-07
3954.3949	5.0910e-06	7.0600e-07
3961.3316	4.6994e-06	6.7830e-07
3968.2683	4.0141e-06	6.2689e-07
3975.2050	4.2099e-06	6.4200e-07
3982.1417	4.7973e-06	6.8533e-07
3989.0784	5.9721e-06	7.6466e-07
3996.0151	3.4266e-06	5.7921e-07
4002.9518	4.2099e-06	6.4200e-07
4009.8885	3.5245e-06	5.8742e-07
4016.8252	5.2868e-06	7.1945e-07
4023.7619	5.8742e-06	7.5836e-07
4030.6986	4.1120e-06	6.3449e-07
4037.6353	5.6784e-06	7.4562e-07
4044.5720	4.4057e-06	6.5676e-07
4051.5087	3.3287e-06	5.7087e-07
4058.4454	2.9371e-06	5.3624e-07
4065.3821	4.1120e-06	6.3449e-07
4072.3188	4.9931e-06	6.9918e-07
4079.2555	4.5036e-06	6.6402e-07
4086.1922	4.3078e-06	6.4942e-07
4093.1289	4.6994e-06	6.7830e-07
4100.0656	5.3847e-06	7.2608e-07
4107.0023	3.0350e-06	5.4511e-07
4113.9390	4.6994e-06	6.7830e-07
4120.8757	5.2868e-06	7.1945e-07
4127.8124	5.0910e-06	7.0600e-07
4134.7491	4.3078e-06	6.4942e-07
4141.6858	3.2308e-06	5.6242e-07
4148.6225	3.6224e-06	5.9553e-07
4155.5592	4.0141e-06	6.2689e-07
4162.4959	3.5245e-06	5.8742e-07
4169.4326	4.5036e-06	6.6402e-07
4176.3693	3.1329e-06	5.5383e-07
4183.3060	4.5036e-06	6.6402e-07
4190.2427	4.0141e-06	6.2689e-07
4197.1794	4.6994e-06	6.7830e-07
4204.1161	3.6224e-06	5.9553e-07
4211.0528	4.9931e-06	6.9918e-07
4217.9895	3.6224e-06	5.9553e-07
4224.9262	4.0141e-06	6.2689e-07
4231.8629	2.8392e-06	5.2723e-07
4238.7996	3.1329e-06	5.5383e-07
4245.7363	5.1889e-06	7.1275e-07
4252.6730	3.7203e-06	6.0352e-07
4259.6097	5.3847e-06	7.2608e-07
4266.5464	5.0910e-06	7.0600e-07
4273.4831	3.4266e-06	5.7921e-07
4280.4198	2.9371e-06	5.3624e-07
4287.3565	3.8183e-06	6.1141e-07
4294.2932	4.6994e-06	6.7830e-07
4301.2299	3.3287e-06	5.7087e-07
4308.1666	3.7203e-06	6.0352e-07
4315.1033	3.6224e-06	5.9553e-07
4322.0400	4.5036e-06	6.6402e-07
4328.9767	3.9162e-06	6.1920e-07
4335.9134	4.7973e-06	6.8533e-07
4342.8501	3.3287e-06	5.7087e-07
4349.7868	3.0350e-06	5.4511e-07
4356.7235	3.7203e-06	6.0352e-07
4363.6602	2.7413e-06	5.1806e-07
4370.5969	3.9162e-06	6.1920e-07
4377.5336	3.6224e-06	5.9553e-07
4384.4703	3.9162e-06	6.1920e-07
4391.4070	2.4476e-06	4.8952e-07
4398.3437	3.2308e-06	5.6242e-07
4405.2804	3.1329e-06	5.5383e-07
4412.2171	3.8183e-06	6.1141e-07
4419.1538	2.7413e-06	5.1806e-07
4426.0905	4.7973e-06	6.8533e-07
4433.0272	3.8183e-06	6.1141e-07
4439.9639	3.8183e-06	6.1141e-07
4446.9006	2.7413e-06	5.1806e-07
4453.8373	3.8183e-06	6.1141e-07
4460.7740	4.4057e-06	6.5676e-07
4467.7107	3.7203e-06	6.0352e-07
4474.6474	4.3078e-06	6.4942e-07
4481.5841	4.6015e-06	6.7120e-07
4488.5208	2.8392e-06	5.2723e-07
4495.4575	3.3287e-06	5.7087e-07
4502.3942	2.9371e-06	5.3624e-07
4509.3309	4.1120e-06	6.3449e-07
4516.2676	2.7413e-06	5.1806e-07
4523.2043	2.5455e-06	4.9921e-07
4530.1410	3.6224e-06	5.9553e-07
4537.0777	3.5245e-06	5.8742e-07
4544.0144	2.3497e-06	4.7963e-07
4550.9511	3.0350e-06	5.4511e-07
4557.8878	3.5245e-06	5.8742e-07
4564.8245	3.4266e-06	5.7921e-07
4571.7612	3.5245e-06	5.8742e-07
4578.6979	3.7203e-06	6.0352e-07
4585.6346	2.5455e-06	4.9921e-07
4592.5713	3.1329e-06	5.5383e-07
4599.5080	4.0141e-06	6.2689e-07
4606.4447	3.3287e-06	5.7087e-07
4613.3814	3.6224e-06	5.9553e-07
4620.3181	3.6224e-06	5.9553e-07
4627.2548	2.2518e-06	4.6953e-07
4634.1915	2.5455e-06	4.9921e-07
4641.1282	1.9581e-06	4.3784e-07
4648.0649	3.0350e-06	5.4511e-07
4655.0016	2.9371e-06	5.3624e-07
4661.9383	3.2308e-06	5.6242e-07
4668.8750	2.8392e-06	5.2723e-07
4675.8117	3.7203e-06	6.0352e-07
4682.7484	2.9371e-06	5.3624e-07
4689.6851	2.3497e-06	4.7963e-07
4696.6218	2.8392e-06	5.2723e-07
4703.5585	2.5455e-06	4.9921e-07
4710.4952	2.7413e-06	5.1806e-07
4717.4319	3.9162e-06	6.1920e-07
4724.3686	3.5245e-06	5.8742e-07
4731.3053	3.7203e-06	6.0352e-07
4738.2420	4.1120e-06	6.3449e-07
4745.1787	2.7413e-06	5.1806e-07
4752.1154	3.7203e-06	6.0352e-07
4759.0521	2.9371e-06	5.3624e-07
4765.9888	2.8392e-06	5.2723e-07
4772.9255	2.8392e-06	5.2723e-07
4779.8622	3.0350e-06	5.4511e-07
4786.7989	3.5245e-06	5.8742e-07
4793.7356	2.5455e-06	4.9921e-07
4800.6723	2.9371e-06	5.3624e-07
4807.6090	2.8392e-06	5.2723e-07
4814.5457	2.9371e-06	5.3624e-07
4821.4824	3.5245e-06	5.8742e-07
4828.4191	3.0350e-06	5.4511e-07
4835.3558	3.1329e-06	5.5383e-07
4842.2925	3.5245e-06	5.8742e-07
4849.2292	2.2518e-06	4.6953e-07
4856.1659	2.4476e-06	4.8952e-07
4863.1026	3.0350e-06	5.4511e-07
4870.0393	2.1539e-06	4.5921e-07
4876.9760	3.2308e-06	5.6242e-07
4883.9127	2.4476e-06	4.8952e-07
4890.8494	2.4476e-06	4.8952e-07
4897.7861	3.0350e-06	5.4511e-07
4904.7228	2.6434e-06	5.0872e-07
4911.6595	2.6434e-06	5.0872e-07
4918.5962	3.0350e-06	5.4511e-07
4925.5329	3.5245e-06	5.8742e-07
4932.4696	2.7413e-06	5.1806e-07
4939.4063	3.6224e-06	5.9553e-07
4946.3430	3.2308e-06	5.6242e-07
4953.2797	2.6434e-06	5.0872e-07
4960.2164	2.9371e-06	5.3624e-07
4967.1531	2.1539e-06	4.5921e-07
4974.0898	3.0350e-06	5.4511e-07
4981.0265	2.5455e-06	4.9921e-07
4987.9632	2.3497e-06	4.7963e-07
4994.8999	2.7413e-06	5.1806e-07
5001.8366	2.6434e-06	5.0872e-07
5008.7733	2.6434e-06	5.0872e-07
5015.7100	2.4476e-06	4.8952e-07
5022.6467	3.2308e-06	5.6242e-07
5029.5834	2.3497e-06	4.7963e-07
5036.5201	3.0350e-06	5.4511e-07
5043.4568	2.0560e-06	4.4865e-07
5050.3935	3.9162e-06	6.1920e-07
5057.3302	2.2518e-06	4.6953e-07
5064.2669	3.5245e-06	5.8742e-07
5071.2036	3.4266e-06	5.7921e-07
5078.1403	2.8392e-06	5.2723e-07
5085.0770	2.5455e-06	4.9921e-07
5092.0137	2.2518e-06	4.6953e-07
5098.9504	1.8602e-06	4.2675e-07
5105.8871	2.3497e-06	4.7963e-07
5112.8238	2.5455e-06	4.9921e-07
5119.7605	3.5245e-06	5.8742e-07
5126.6972	3.1329e-06	5.5383e-07
5133.6339	2.1539e-06	4.5921e-07
5140.5706	2.9371e-06	5.3624e-07
5147.5073	3.1329e-06	5.5383e-07
5154.4440	2.6434e-06	5.0872e-07
5161.3807	3.5245e-06	5.8742e-07
5168.3174	2.8392e-06	5.2723e-07
5175.2541	2.5455e-06	4.9921e-07
5182.1908	2.5455e-06	4.9921e-07
5189.1275	2.8392e-06	5.2723e-07
5196.0642	2.9371e-06	5.3624e-07
5203.0009	2.5455e-06	4.9921e-07
5209.9376	2.3497e-06	4.7963e-07
5216.8743	1.4686e-06	3.7918e-07
5223.8110	2.1539e-06	4.5921e-07
5230.7477	1.7623e-06	4.1537e-07
5237.6844	2.4476e-06	4.8952e-07
5244.6211	2.4476e-06	4.8952e-07
5251.5578	2.5455e-06	4.9921e-07
5258.4945	4.3078e-06	6.4942e-07
5265.4312	2.1539e-06	4.5921e-07
5272.3679	2.2518e-06	4.6953e-07
5279.3046	2.0560e-06	4.4865e-07
5286.2413	2.6434e-06	5.0872e-07
5293.1780	2.5455e-06	4.9921e-07
5300.1147	2.2518e-06	4.6953e-07
5307.0514	2.5455e-06	4.9921e-07
5313.9881	2.0560e-06	4.4865e-07
5320.9248	2.0560e-06	4.4865e-07
5327.8615	2.0560e-06	4.4865e-07
5334.7982	3.3287e-06	5.7087e-07
5341.7349	1.7623e-06	4.1537e-07
5348.6716	2.2518e-06	4.6953e-07
5355.6083	3.6224e-06	5.9553e-07
5362.5450	2.5455e-06	4.9921e-07
5369.4817	2.0560e-06	4.4865e-07
5376.4184	2.1539e-06	4.5921e-07
5383.3551	2.7413e-06	5.1806e-07
5390.2918	2.2518e-06	4.6953e-07
5397.2285	2.2518e-06	4.6953e-07
5404.1652	3.0350e-06	5.4511e-07
5411.1019	2.2518e-06	4.6953e-07
5418.0386	2.7413e-06	5.1806e-07
5424.9753	2.3497e-06	4.7963e-07
5431.9120	2.2518e-06	4.6953e-07
5438.8487	3.5245e-06	5.8742e-07
5445.7854	2.2518e-06	4.6953e-07
5452.7221	2.6434e-06	5.0872e-07
5459.6588	2.4476e-06	4.8952e-07
5466.5955	1.4686e-06	3.7918e-07
5473.5322	1.9581e-06	4.3784e-07
5480.4689	2.2518e-06	4.6953e-07
5487.4056	3.3287e-06	5.7087e-07
5494.3423	2.6434e-06	5.0872e-07
5501.2790	2.4476e-06	4.8952e-07
5508.2157	1.5665e-06	3.9162e-07
5515.1524	2.5455e-06	4.9921e-07
5522.0891	3.0350e-06	5.4511e-07
5529.0258	1.8602e-06	4.2675e-07
5535.9625	2.1539e-06	4.5921e-07
5542.8992	2.4476e-06	4.8952e-07
5549.8359	2.4476e-06	4.8952e-07
5556.7726	3.2308e-06	5.6242e-07
5563.7093	3.1329e-06	5.5383e-07
5570.6460	1.7623e-06	4.1537e-07
5577.5827	2.7413e-06	5.1806e-07
5584.5194	2.6434e-06	5.0872e-07
5591.4561	2.6434e-06	5.0872e-07
5598.3928	2.7413e-06	5.1806e-07
5605.3295	3.1329e-06	5.5383e-07
5612.2662	2.8392e-06	5.2723e-07
5619.2029	2.4476e-06	4.8952e-07
5626.1396	2.0560e-06	4.4865e-07
5633.0763	1.6644e-06	4.0367e-07
5640.0130	2.8392e-06	5.2723e-07
5646.9497	1.5665e-06	3.9162e-07
5653.8864	3.5245e-06	5.8742e-07
5660.8231	3.6224e-06	5.9553e-07
5667.7598	2.7413e-06	5.1806e-07
5674.6965	3.0350e-06	5.4511e-07
5681.6332	2.5455e-06	4.9921e-07
5688.5699	3.6224e-06	5.9553e-07
5695.5066	3.0350e-06	5.4511e-07
5702.4433	3.9162e-06	6.1920e-07
5709.3800	3.4266e-06	5.7921e-07
5716.3167	3.8183e-06	6.1141e-07
5723.2534	3.5245e-06	5.8742e-07
5730.1901	4.3078e-06	6.4942e-07
5737.1268	4.6015e-06	6.7120e-07
5744.0635	4.6015e-06	6.7120e-07
5751.0002	5.0910e-06	7.0600e-07
5757.9369	5.2868e-06	7.1945e-07
5764.8736	5.2868e-06	7.1945e-07
5771.8103	5.3847e-06	7.2608e-07
5778.7470	6.0700e-06	7.7090e-07
5785.6837	6.3638e-06	7.8933e-07
5792.6204	6.4617e-06	7.9538e-07
5799.5571	6.5596e-06	8.0138e-07
5806.4938	6.4617e-06	7.9538e-07
5813.4305	8.5176e-06	9.1319e-07
5820.3672	7.0491e-06	8.3074e-07
5827.3039	7.0491e-06	8.3074e-07
5834.2406	6.3638e-06	7.8933e-07
5841.1773	7.9302e-06	8.8114e-07
5848.1140	6.6575e-06	8.0734e-07
5855.0507	8.3218e-06	9.0263e-07
5861.9874	7.6365e-06	8.6467e-07
5868.9241	7.9302e-06	8.8114e-07
5875.8608	6.3638e-06	7.8933e-07
5882.7975	7.3428e-06	8.4788e-07
5889.7342	6.4617e-06	7.9538e-07
5896.6709	6.1679e-06	7.7709e-07
5903.6076	6.4617e-06	7.9538e-07
5910.5443	5.3847e-06	7.2608e-07
5917.4810	6.6575e-06	8.0734e-07
5924.4177	4.5036e-06	6.6402e-07
5931.3544	5.7763e-06	7.5202e-07
5938.2911	4.5036e-06	6.6402e-07
5945.2278	4.9931e-06	6.9918e-07
5952.1645	5.0910e-06	7.0600e-07
5959.1012	4.7973e-06	6.8533e-07
5966.0379	3.8183e-06	6.1141e-07
5972.9746	2.5455e-06	4.9921e-07
5979.9113	4.5036e-06	6.6402e-07
5986.8480	3.8183e-06	6.1141e-07
5993.7847	3.4266e-06	5.7921e-07
6000.7214	3.1329e-06	5.5383e-07
6007.6581	2.6434e-06	5.0872e-07
6014.5948	3.5245e-06	5.8742e-07
6021.5315	2.3497e-06	4.7963e-07
6028.4682	2.6434e-06	5.0872e-07
6035.4049	2.3497e-06	4.7963e-07
6042.3416	1.8602e-06	4.2675e-07
6049.2783	2.2518e-06	4.6953e-07
6056.2150	2.4476e-06	4.8952e-07
6063.1517	1.5665e-06	3.9162e-07
6070.0884	2.2518e-06	4.6953e-07
6077.0251	1.5665e-06	3.9162e-07
6083.9618	1.8602e-06	4.2675e-07
6090.8985	2.6434e-06	5.0872e-07
6097.8352	1.7623e-06	4.1537e-07
6104.7719	2.4476e-06	4.8952e-07
6111.7086	1.7623e-06	4.1537e-07
6118.6453	1.7623e-06	4.1537e-07
6125.5820	1.7623e-06	4.1537e-07
6132.5187	1.9581e-06	4.3784e-07
6139.4554	2.3497e-06	4.7963e-07
6146.3921	1.9581e-06	4.3784e-07
6153.3288	2.5455e-06	4.9921e-07
6160.2655	2.6434e-06	5.0872e-07
6167.2022	2.5455e-06	4.9921e-07
6174.1389	2.7413e-06	5.1806e-07
6181.0756	1.9581e-06	4.3784e-07
6188.0123	2.0560e-06	4.4865e-07
6194.9490	2.1539e-06	4.5921e-07
6201.8857	2.1539e-06	4.5921e-07
6208.8224	2.2518e-06	4.6953e-07
6215.7591	1.8602e-06	4.2675e-07
6222.6958	2.4476e-06	4.8952e-07
6229.6325	1.9581e-06	4.3784e-07
6236.5692	3.0350e-06	5.4511e-07
6243.5059	2.3497e-06	4.7963e-07
6250.4426	2.4476e-06	4.8952e-07
6257.3793	1.9581e-06	4.3784e-07
6264.3160	3.1329e-06	5.5383e-07
6271.2527	2.9371e-06	5.3624e-07
6278.1894	2.8392e-06	5.2723e-07
6285.1261	2.9371e-06	5.3624e-07
6292.0628	2.7413e-06	5.1806e-07
6298.9995	3.7203e-06	6.0352e-07
6305.9362	3.3287e-06	5.7087e-07
6312.8729	3.8183e-06	6.1141e-07
6319.8096	3.1329e-06	5.5383e-07
6326.7463	4.3078e-06	6.4942e-07
6333.6830	3.9162e-06	6.1920e-07
6340.6197	4.0141e-06	6.2689e-07
6347.5564	4.8952e-06	6.9229e-07
6354.4931	4.8952e-06	6.9229e-07
6361.4298	4.4057e-06	6.5676e-07
6368.3665	4.9931e-06	6.9918e-07
6375.3032	8.1260e-06	8.9195e-07
6382.2399	4.0141e-06	6.2689e-07
6389.1766	6.2658e-06	7.8323e-07
6396.1133	6.9512e-06	8.2496e-07
6403.0500	5.8742e-06	7.5836e-07
6409.9867	5.9721e-06	7.6466e-07
6416.9234	7.1470e-06	8.3649e-07
6423.8601	7.6365e-06	8.6467e-07
6430.7968	6.4617e-06	7.9538e-07
6437.7335	5.5805e-06	7.3916e-07
6444.6702	7.1470e-06	8.3649e-07
6451.6069	7.8323e-06	8.7568e-07
6458.5436	6.3638e-06	7.8933e-07
6465.4803	8.7134e-06	9.2363e-07
6472.4170	9.3009e-06	9.5425e-07
6479.3537	6.5596e-06	8.0138e-07
6486.2904	6.8533e-06	8.1912e-07
6493.2271	7.3428e-06	8.4788e-07
6500.1638	7.8323e-06	8.7568e-07
6507.1005	6.9512e-06	8.2496e-07
6514.0372	6.8533e-06	8.1912e-07
6520.9739	7.2449e-06	8.4220e-07
6527.9106	6.2658e-06	7.8323e-07
6534.8473	8.0281e-06	8.8656e-07
6541.7840	8.0281e-06	8.8656e-07
6548.7207	5.5805e-06	7.3916e-07
6555.6574	5.9721e-06	7.6466e-07
6562.5941	5.6784e-06	7.4562e-07
6569.5308	6.7554e-06	8.1325e-07
6576.4675	4.9931e-06	6.9918e-07
6583.4042	5.8742e-06	7.5836e-07
6590.3409	4.4057e-06	6.5676e-07
6597.2776	4.6994e-06	6.7830e-07
6604.2143	4.4057e-06	6.5676e-07
6611.1510	4.4057e-06	6.5676e-07
6618.0877	4.2099e-06	6.4200e-07
6625.0244	4.6994e-06	6.7830e-07
6631.9611	4.8952e-06	6.9229e-07
6638.8978	4.1120e-06	6.3449e-07
6645.8345	3.5245e-06	5.8742e-07
6652.7712	3.9162e-06	6.1920e-07
6659.7079	3.3287e-06	5.7087e-07
6666.6446	3.0350e-06	5.4511e-07
6673.5813	3.2308e-06	5.6242e-07
6680.5180	3.0350e-06	5.4511e-07
6687.4547	3.0350e-06	5.4511e-07
6694.3914	2.6434e-06	5.0872e-07
6701.3281	3.5245e-06	5.8742e-07
6708.2648	3.4266e-06	5.7921e-07
6715.2015	2.3497e-06	4.7963e-07
6722.1382	2.9371e-06	5.3624e-07
6729.0749	3.0350e-06	5.4511e-07
6736.0116	3.0350e-06	5.4511e-07
6742.9483	2.5455e-06	4.9921e-07
6749.8850	2.9371e-06	5.3624e-07
6756.8217	1.9581e-06	4.3784e-07
6763.7584	2.8392e-06	5.2723e-07
6770.6951	2.0560e-06	4.4865e-07
6777.6318	2.2518e-06	4.6953e-07
6784.5685	3.0350e-06	5.4511e-07
6791.5052	3.8183e-06	6.1141e-07
6798.4419	3.5245e-06	5.8742e-07
6805.3786	2.6434e-06	5.0872e-07
6812.3153	3.1329e-06	5.5383e-07
6819.2520	3.1329e-06	5.5383e-07
6826.1887	3.3287e-06	5.7087e-07
6833.1254	2.7413e-06	5.1806e-07
6840.0621	3.5245e-06	5.8742e-07
6846.9988	2.1539e-06	4.5921e-07
6853.9355	3.9162e-06	6.1920e-07
6860.8722	2.8392e-06	5.2723e-07
6867.8089	3.2308e-06	5.6242e-07
6874.7456	3.9162e-06	6.1920e-07
6881.6823	3.5245e-06	5.8742e-07
6888.6190	2.3497e-06	4.7963e-07
6895.5557	3.3287e-06	5.7087e-07
6902.4924	2.2518e-06	4.6953e-07
6909.4291	2.7413e-06	5.1806e-07
6916.3658	2.5455e-06	4.9921e-07
6923.3025	2.6434e-06	5.0872e-07
6930.2392	2.9371e-06	5.3624e-07
6937.1759	2.5455e-06	4.9921e-07
6944.1126	3.1329e-06	5.5383e-07
6951.0493	2.5455e-06	4.9921e-07
6957.9860	2.1539e-06	4.5921e-07
6964.9227	2.3497e-06	4.7963e-07
6971.8594	3.0350e-06	5.4511e-07
6978.7961	2.4476e-06	4.8952e-07
6985.7328	1.3707e-06	3.6632e-07
6992.6695	1.7623e-06	4.1537e-07
6999.6062	1.5665e-06	3.9162e-07
7006.5429	3.4266e-06	5.7921e-07
7013.4796	2.5455e-06	4.9921e-07
7020.4163	2.3497e-06	4.7963e-07
7027.3530	2.4476e-06	4.8952e-07
7034.2897	2.0560e-06	4.4865e-07
7041.2264	1.9581e-06	4.3784e-07
7048.1631	2.2518e-06	4.6953e-07
7055.0998	2.2518e-06	4.6953e-07
7062.0365	1.1748e-06	3.3915e-07
7068.9732	2.0560e-06	4.4865e-07
7075.9099	1.2728e-06	3.5300e-07
7082.8466	1.6644e-06	4.0367e-07
7089.7833	2.4476e-06	4.8952e-07
7096.7200	2.7413e-06	5.1806e-07
7103.6567	2.5455e-06	4.9921e-07
7110.5934	2.3497e-06	4.7963e-07
7117.5301	2.1539e-06	4.5921e-07
7124.4668	1.6644e-06	4.0367e-07
7131.4035	1.3707e-06	3.6632e-07
7138.3402	2.7413e-06	5.1806e-07
7145.2769	1.7623e-06	4.1537e-07
7152.2136	2.3497e-06	4.7963e-07
7159.1503	2.4476e-06	4.8952e-07
7166.0870	2.3497e-06	4.7963e-07
7173.0237	1.5665e-06	3.9162e-07
7179.9604	2.1539e-06	4.5921e-07
7186.8971	1.5665e-06	3.9162e-07
7193.8338	2.2518e-06	4.6953e-07
7200.7705	8.8114e-07	2.9371e-07
7207.7072	1.4686e-06	3.7918e-07
7214.6439	1.2728e-06	3.5300e-07
7221.5806	2.5455e-06	4.9921e-07
7228.5173	1.7623e-06	4.1537e-07
7235.4540	2.4476e-06	4.8952e-07
7242.3907	2.3497e-06	4.7963e-07
7249.3274	2.3497e-06	4.7963e-07
7256.2641	1.8602e-06	4.2675e-07
7263.2008	1.6644e-06	4.0367e-07
7270.1375	1.9581e-06	4.3784e-07
7277.0742	2.6434e-06	5.0872e-07
7284.0109	1.6644e-06	4.0367e-07
7290.9476	2.2518e-06	4.6953e-07
7297.8843	3.1329e-06	5.5383e-07
7304.8210	2.1539e-06	4.5921e-07
7311.7577	1.8602e-06	4.2675e-07
7318.6944	1.9581e-06	4.3784e-07
7325.6311	1.4686e-06	3.7918e-07
7332.5678	2.0560e-06	4.4865e-07
7339.5045	2.2518e-06	4.6953e-07
7346.4412	1.7623e-06	4.1537e-07
7353.3779	2.0560e-06	4.4865e-07
7360.3146	3.5245e-06	5.8742e-07
7367.2513	2.7413e-06	5.1806e-07
7374.1880	2.0560e-06	4.4865e-07
7381.1247	2.0560e-06	4.4865e-07
7388.0614	1.9581e-06	4.3784e-07
7394.9981	2.3497e-06	4.7963e-07
7401.9348	2.7413e-06	5.1806e-07
7408.8715	3.3287e-06	5.7087e-07
7415.8082	1.7623e-06	4.1537e-07
7422.7449	2.9371e-06	5.3624e-07
7429.6816	2.8392e-06	5.2723e-07
7436.6183	2.0560e-06	4.4865e-07
7443.5550	2.0560e-06	4.4865e-07
7450.4917	3.5245e-06	5.8742e-07
7457.4284	2.6434e-06	5.0872e-07
7464.3651	2.3497e-06	4.7963e-07
7471.3018	2.5455e-06	4.9921e-07
7478.2385	2.8392e-06	5.2723e-07
7485.1752	2.8392e-06	5.2723e-07
7492.1119	2.6434e-06	5.0872e-07
7499.0486	2.6434e-06	5.0872e-07
7505.9853	3.5245e-06	5.8742e-07
7512.9220	2.2518e-06	4.6953e-07
7519.8587	2.9371e-06	5.3624e-07
7526.7954	1.9581e-06	4.3784e-07
7533.7321	2.9371e-06	5.3624e-07
7540.6688	2.2518e-06	4.6953e-07
7547.6055	2.7413e-06	5.1806e-07
7554.5422	2.1539e-06	4.5921e-07
7561.4789	3.1329e-06	5.5383e-07
7568.4156	2.1539e-06	4.5921e-07
7575.3523	2.2518e-06	4.6953e-07
7582.2890	1.8602e-06	4.2675e-07
7589.2257	2.5455e-06	4.9921e-07
7596.1624	3.0350e-06	5.4511e-07
7603.0991	3.0350e-06	5.4511e-07
7610.0358	2.6434e-06	5.0872e-07
7616.9725	1.5665e-06	3.9162e-07
7623.9092	2.6434e-06	5.0872e-07
7630.8459	3.0350e-06	5.4511e-07
7637.7826	1.6644e-06	4.0367e-07
7644.7193	1.9581e-06	4.3784e-07
7651.6560	2.6434e-06	5.0872e-07
7658.5927	2.2518e-06	4.6953e-07
7665.5294	1.8602e-06	4.2675e-07
7672.4661	2.8392e-06	5.2723e-07
7679.4028	2.0560e-06	4.4865e-07
7686.3395	2.2518e-06	4.6953e-07
7693.2762	2.9371e-06	5.3624e-07
7700.2129	2.6434e-06	5.0872e-07
7707.1496	2.1539e-06	4.5921e-07
7714.0863	2.1539e-06	4.5921e-07
7721.0230	2.9371e-06	5.3624e-07
7727.9597	2.9371e-06	5.3624e-07
7734.8964	1.9581e-06	4.3784e-07
7741.8331	1.6644e-06	4.0367e-07
7748.7698	3.3287e-06	5.7087e-07
7755.7065	2.3497e-06	4.7963e-07
7762.6432	2.4476e-06	4.8952e-07
7769.5799	2.7413e-06	5.1806e-07
7776.5166	1.6644e-06	4.0367e-07
7783.4533	2.3497e-06	4.7963e-07
7790.3900	3.0350e-06	5.4511e-07
7797.3267	2.1539e-06	4.5921e-07
7804.2634	2.1539e-06	4.5921e-07
7811.2001	1.6644e-06	4.0367e-07
7818.1368	2.9371e-06	5.3624e-07
7825.0735	2.6434e-06	5.0872e-07
7832.0102	1.8602e-06	4.2675e-07
7838.9469	2.1539e-06	4.5921e-07
7845.8836	1.8602e-06	4.2675e-07
7852.8203	2.9371e-06	5.3624e-07
7859.7570	2.8392e-06	5.2723e-07
7866.6937	3.3287e-06	5.7087e-07
7873.6304	2.1539e-06	4.5921e-07
7880.5671	3.1329e-06	5.5383e-07
7887.5038	3.1329e-06	5.5383e-07
7894.4405	2.1539e-06	4.5921e-07
7901.3772	2.1539e-06	4.5921e-07
7908.3139	2.1539e-06	4.5921e-07
7915.2506	2.5455e-06	4.9921e-07
7922.1873	1.9581e-06	4.3784e-07
7929.1240	3.1329e-06	5.5383e-07
7936.0607	2.9371e-06	5.3624e-07
7942.9974	2.0560e-06	4.4865e-07
7949.9341	3.4266e-06	5.7921e-07
7956.8708	3.7203e-06	6.0352e-07
7963.8075	3.3287e-06	5.7087e-07
7970.7442	3.9162e-06	6.1920e-07
7977.6809	2.9371e-06	5.3624e-07
7984.6176	2.9371e-06	5.3624e-07
7991.5543	4.0141e-06	6.2689e-07
7998.4910	3.8183e-06	6.1141e-07
8005.4277	4.0141e-06	6.2689e-07
8012.3644	5.0910e-06	7.0600e-07
8019.3011	4.4057e-06	6.5676e-07
8026.2378	3.8183e-06	6.1141e-07
8033.1745	4.0141e-06	6.2689e-07
8040.1112	3.6224e-06	5.9553e-07
8047.0479	3.8183e-06	6.1141e-07
8053.9846	4.1120e-06	6.3449e-07
8060.9213	5.1889e-06	7.1275e-07
8067.8580	3.2308e-06	5.6242e-07
8074.7947	4.0141e-06	6.2689e-07
8081.7314	3.8183e-06	6.1141e-07
8088.6681	3.8183e-06	6.1141e-07
8095.6048	4.2099e-06	6.4200e-07
8102.5415	3.1329e-06	5.5383e-07
8109.4782	2.3497e-06	4.7963e-07
8116.4149	3.3287e-06	5.7087e-07
8123.3516	3.3287e-06	5.7087e-07
8130.2883	3.3287e-06	5.7087e-07
8137.2250	2.8392e-06	5.2723e-07
8144.1617	3.3287e-06	5.7087e-07
8151.0984	2.1539e-06	4.5921e-07
8158.0351	2.5455e-06	4.9921e-07
8164.9718	2.8392e-06	5.2723e-07
8171.9085	2.6434e-06	5.0872e-07
8178.8452	2.7413e-06	5.1806e-07
8185.7819	3.0350e-06	5.4511e-07
8192.7186	2.4476e-06	4.8952e-07
8199.6553	2.1539e-06	4.5921e-07
8206.5920	1.9581e-06	4.3784e-07
8213.5287	1.9581e-06	4.3784e-07
8220.4654	2.2518e-06	4.6953e-07
8227.4021	2.2518e-06	4.6953e-07
8234.3388	1.4686e-06	3.7918e-07
8241.2755	1.7623e-06	4.1537e-07
8248.2122	1.2728e-06	3.5300e-07
8255.1489	2.2518e-06	4.6953e-07
8262.0856	2.4476e-06	4.8952e-07
8269.0223	1.8602e-06	4.2675e-07
8275.9590	2.4476e-06	4.8952e-07
8282.8957	1.6644e-06	4.0367e-07
8289.8324	1.1748e-06	3.3915e-07
8296.7691	1.5665e-06	3.9162e-07
8303.7058	2.0560e-06	4.4865e-07
8310.6425	1.3707e-06	3.6632e-07
8317.5792	1.3707e-06	3.6632e-07
8324.5159	1.3707e-06	3.6632e-07
8331.4526	2.0560e-06	4.4865e-07
8338.3893	1.4686e-06	3.7918e-07
8345.3260	1.8602e-06	4.2675e-07
8352.2627	1.8602e-06	4.2675e-07
8359.1994	1.6644e-06	4.0367e-07
8366.1361	1.5665e-06	3.9162e-07
8373.0728	1.8602e-06	4.2675e-07
8380.0095	1.4686e-06	3.7918e-07
8386.9462	1.9581e-06	4.3784e-07
8393.8829	1.4686e-06	3.7918e-07
8400.8196	1.6644e-06	4.0367e-07
8407.7563	1.4686e-06	3.7918e-07
8414.6930	1.9581e-06	4.3784e-07
8421.6297	1.8602e-06	4.2675e-07
8428.5664	2.3497e-06	4.7963e-07
8435.5031	1.3707e-06	3.6632e-07
8442.4398	1.5665e-06	3.9162e-07
8449.3765	1.1748e-06	3.3915e-07
8456.3132	1.8602e-06	4.2675e-07
8463.2499	1.1748e-06	3.3915e-07
8470.1866	2.9371e-06	5.3624e-07
8477.1233	1.9581e-06	4.3784e-07
8484.0600	1.5665e-06	3.9162e-07
8490.9967	2.1539e-06	4.5921e-07
8497.9334	1.2728e-06	3.5300e-07
8504.8701	1.7623e-06	4.1537e-07
8511.8068	2.4476e-06	4.8952e-07
8518.7435	1.8602e-06	4.2675e-07
8525.6802	2.0560e-06	4.4865e-07
8532.6169	1.6644e-06	4.0367e-07
8539.5536	1.9581e-06	4.3784e-07
8546.4903	2.2518e-06	4.6953e-07
8553.4270	1.3707e-06	3.6632e-07
8560.3637	1.7623e-06	4.1537e-07
8567.3004	1.6644e-06	4.0367e-07
8574.2371	1.7623e-06	4.1537e-07
8581.1738	2.2518e-06	4.6953e-07
8588.1105	1.7623e-06	4.1537e-07
8595.0472	1.8602e-06	4.2675e-07
8601.9839	2.8392e-06	5.2723e-07
8608.9206	1.8602e-06	4.2675e-07
8615.8573	1.4686e-06	3.7918e-07
8622.7940	1.8602e-06	4.2675e-07
8629.7307	1.5665e-06	3.9162e-07
8636.6674	1.7623e-06	4.1537e-07
8643.6041	2.3497e-06	4.7963e-07
8650.5408	1.4686e-06	3.7918e-07
8657.4775	2.0560e-06	4.4865e-07
8664.4142	1.7623e-06	4.1537e-07
8671.3509	2.1539e-06	4.5921e-07
8678.2876	1.7623e-06	4.1537e-07
8685.2243	1.9581e-06	4.3784e-07
8692.1610	1.7623e-06	4.1537e-07
8699.0977	2.2518e-06	4.6953e-07
8706.0344	2.0560e-06	4.4865e-07
8712.9711	1.0769e-06	3.2471e-07
8719.9078	1.8602e-06	4.2675e-07
8726.8445	2.4476e-06	4.8952e-07
8733.7812	2.0560e-06	4.4865e-07
8740.7179	1.5665e-06	3.9162e-07
8747.6546	2.1539e-06	4.5921e-07
8754.5913	1.6644e-06	4.0367e-07
8761.5280	2.1539e-06	4.5921e-07
8768.4647	1.7623e-06	4.1537e-07
8775.4014	1.4686e-06	3.7918e-07
8782.3381	1.5665e-06	3.9162e-07
8789.2748	1.4686e-06	3.7918e-07
8796.2115	1.4686e-06	3.7918e-07
8803.1482	1.1748e-06	3.3915e-07
8810.0849	2.3497e-06	4.7963e-07
8817.0216	1.6644e-06	4.0367e-07
8823.9583	1.6644e-06	4.0367e-07
8830.8950	2.2518e-06	4.6953e-07
8837.8317	1.5665e-06	3.9162e-07
8844.7684	2.4476e-06	4.8952e-07
8851.7051	8.8114e-07	2.9371e-07
8858.6418	1.7623e-06	4.1537e-07
8865.5785	1.5665e-06	3.9162e-07
8872.5152	2.2518e-06	4.6953e-07
8879.4519	2.5455e-06	4.9921e-07
8886.3886	2.2518e-06	4.6953e-07
8893.3253	1.6644e-06	4.0367e-07
8900.2620	2.3497e-06	4.7963e-07
8907.1987	1.5665e-06	3.9162e-07
8914.1354	2.2518e-06	4.6953e-07
8921.0721	1.8602e-06	4.2675e-07
8928.0088	1.8602e-06	4.2675e-07
8934.9455	2.3497e-06	4.7963e-07
8941.8822	1.1748e-06	3.3915e-07
8948.8189	1.7623e-06	4.1537e-07
8955.7556	2.6434e-06	5.0872e-07
8962.6923	2.4476e-06	4.8952e-07
8969.6290	2.0560e-06	4.4865e-07
8976.5657	1.7623e-06	4.1537e-07
8983.5024	2.0560e-06	4.4865e-07
8990.4391	1.2728e-06	3.5300e-07
8997.3758	1.9581e-06	4.3784e-07
9004.3125	2.1539e-06	4.5921e-07
9011.2492	1.0769e-06	3.2471e-07
9018.1859	1.9581e-06	4.3784e-07
9025.1226	1.3707e-06	3.6632e-07
9032.0593	1.2728e-06	3.5300e-07
9038.9960	2.7413e-06	5.1806e-07
9045.9327	1.3707e-06	3.6632e-07
9052.8694	1.2728e-06	3.5300e-07
9059.8061	1.7623e-06	4.1537e-07
9066.7428	1.9581e-06	4.3784e-07
9073.6795	1.4686e-06	3.7918e-07
9080.6162	2.2518e-06	4.6953e-07
9087.5529	1.3707e-06	3.6632e-07
9094.4896	1.8602e-06	4.2675e-07
9101.4263	1.3707e-06	3.6632e-07
9108.3630	1.3707e-06	3.6632e-07
9115.2997	1.7623e-06	4.1537e-07
9122.2364	1.9581e-06	4.3784e-07
9129.1731	1.7623e-06	4.1537e-07
9136.1098	1.9581e-06	4.3784e-07
9143.0465	2.0560e-06	4.4865e-07
9149.9832	1.9581e-06	4.3784e-07
9156.9199	2.3497e-06	4.7963e-07
9163.8566	2.5455e-06	4.9921e-07
9170.7933	1.9581e-06	4.3784e-07
9177.7300	1.2728e-06	3.5300e-07
9184.6667	2.2518e-06	4.6953e-07
9191.6034	2.1539e-06	4.5921e-07
9198.5401	1.2728e-06	3.5300e-07
9205.4768	1.5665e-06	3.9162e-07
9212.4135	1.3707e-06	3.6632e-07
9219.3502	1.4686e-06	3.7918e-07
9226.2869	2.3497e-06	4.7963e-07
9233.2236	1.9581e-06	4.3784e-07
9240.1603	1.4686e-06	3.7918e-07
9247.0970	2.0560e-06	4.4865e-07
9254.0337	1.7623e-06	4.1537e-07
9260.9704	1.7623e-06	4.1537e-07
9267.9071	2.2518e-06	4.6953e-07
9274.8438	1.2728e-06	3.5300e-07
9281.7805	1.7623e-06	4.1537e-07
9288.7172	1.7623e-06	4.1537e-07
9295.6539	1.4686e-06	3.7918e-07
9302.5906	2.2518e-06	4.6953e-07
9309.5273	1.9581e-06	4.3784e-07
9316.4640	1.0769e-06	3.2471e-07
9323.4007	1.3707e-06	3.6632e-07
9330.3374	1.0769e-06	3.2471e-07
9337.2741	2.2518e-06	4.6953e-07
9344.2108	1.2728e-06	3.5300e-07
9351.1475	2.5455e-06	4.9921e-07
9358.0842	1.9581e-06	4.3784e-07
9365.0209	1.2728e-06	3.5300e-07
9371.9576	1.4686e-06	3.7918e-07
9378.8943	2.1539e-06	4.5921e-07
9385.8310	1.8602e-06	4.2675e-07
9392.7677	2.2518e-06	4.6953e-07
9399.7044	1.7623e-06	4.1537e-07
9406.6411	1.4686e-06	3.7918e-07
9413.5778	2.0560e-06	4.4865e-07
9420.5145	1.2728e-06	3.5300e-07
9427.4512	1.3707e-06	3.6632e-07
9434.3879	1.2728e-06	3.5300e-07
9441.3246	1.2728e-06	3.5300e-07
9448.2613	1.9581e-06	4.3784e-07
9455.1980	1.5665e-06	3.9162e-07
9462.1347	1.5665e-06	3.9162e-07
9469.0714	1.0769e-06	3.2471e-07
9476.0081	2.2518e-06	4.6953e-07
9482.9448	1.9581e-06	4.3784e-07
9489.8815	1.5665e-06	3.9162e-07
9496.8182	1.3707e-06	3.6632e-07
9503.7549	1.9581e-06	4.3784e-07
9510.6916	1.6644e-06	4.0367e-07
9517.6283	1.9581e-06	4.3784e-07
9524.5650	1.9581e-06	4.3784e-07
9531.5017	1.8602e-06	4.2675e-07
9538.4384	2.5455e-06	4.9921e-07
9545.3751	2.0560e-06	4.4865e-07
9552.3118	1.5665e-06	3.9162e-07
9559.2485	1.9581e-06	4.3784e-07
9566.1852	1.4686e-06	3.7918e-07
9573.1219	1.9581e-06	4.3784e-07
9580.0586	2.0560e-06	4.4865e-07
9586.9953	3.2308e-06	5.6242e-07
9593.9320	1.8602e-06	4.2675e-07
9600.8687	1.7623e-06	4.1537e-07
9607.8054	1.3707e-06	3.6632e-07
9614.7421	2.0560e-06	4.4865e-07
9621.6788	1.9581e-06	4.3784e-07
9628.6155	2.0560e-06	4.4865e-07
9635.5522	2.6434e-06	5.0872e-07
9642.4889	2.7413e-06	5.1806e-07
9649.4256	1.8602e-06	4.2675e-07
9656.3623	2.4476e-06	4.8952e-07
9663.2990	1.6644e-06	4.0367e-07
9670.2357	2.2518e-06	4.6953e-07
9677.1724	2.9371e-06	5.3624e-07
9684.1091	2.2518e-06	4.6953e-07
9691.0458	2.0560e-06	4.4865e-07
9697.9825	2.0560e-06	4.4865e-07
9704.9192	3.4266e-06	5.7921e-07
9711.8559	2.5455e-06	4.9921e-07
9718.7926	3.1329e-06	5.5383e-07
9725.7293	2.7413e-06	5.1806e-07
9732.6660	3.7203e-06	6.0352e-07
9739.6027	3.2308e-06	5.6242e-07
9746.5394	2.5455e-06	4.9921e-07
9753.4761	2.1539e-06	4.5921e-07
9760.4128	2.7413e-06	5.1806e-07
9767.3495	3.5245e-06	5.8742e-07
9774.2862	2.3497e-06	4.7963e-07
9781.2229	1.8602e-06	4.2675e-07
9788.1596	2.1539e-06	4.5921e-07
9795.0963	2.6434e-06	5.0872e-07
9802.0330	2.6434e-06	5.0872e-07
9808.9697	2.4476e-06	4.8952e-07
9815.9064	1.9581e-06	4.3784e-07
9822.8431	2.0560e-06	4.4865e-07
9829.7798	1.8602e-06	4.2675e-07
9836.7165	2.5455e-06	4.9921e-07
9843.6532	1.7623e-06	4.1537e-07
9850.5899	2.3497e-06	4.7963e-07
9857.5266	1.4686e-06	3.7918e-07
9864.4633	1.9581e-06	4.3784e-07
9871.4000	1.2728e-06	3.5300e-07
9878.3367	9.7904e-07	3.0960e-07
9885.2734	1.9581e-06	4.3784e-07
9892.2101	2.6434e-06	5.0872e-07
9899.1468	1.5665e-06	3.9162e-07
9906.0835	1.3707e-06	3.6632e-07
9913.0202	1.7623e-06	4.1537e-07
9919.9569	1.3707e-06	3.6632e-07
9926.8936	2.2518e-06	4.6953e-07
9933.8303	2.0560e-06	4.4865e-07
9940.7670	1.6644e-06	4.0367e-07
9947.7037	1.7623e-06	4.1537e-07
9954.6404	1.6644e-06	4.0367e-07
9961.5771	1.7623e-06	4.1537e-07
9968.5138	1.3707e-06	3.6632e-07
9975.4505	2.3497e-06	4.7963e-07
9982.3872	1.1748e-06	3.3915e-07
9989.3239	1.5665e-06	3.9162e-07
9996.2606	1.5665e-06	3.9162e-07
10003.1973	1.6644e-06	4.0367e-07
10010.1340	1.1748e-06	3.3915e-07
10017.0707	2.0560e-06	4.4865e-07
10024.0074	1.4686e-06	3.7918e-07
10030.9441	8.8114e-07	2.9371e-07
10037.8808	1.4686e-06	3.7918e-07
10044.8175	2.0560e-06	4.4865e-07
10051.7542	1.7623e-06	4.1537e-07
10058.6909	1.6644e-06	4.0367e-07
10065.6276	1.4686e-06	3.7918e-07
10072.5643	9.7904e-07	3.0960e-07
10079.5010	1.2728e-06	3.5300e-07
10086.4377	1.8602e-06	4.2675e-07
10093.3744	2.1539e-06	4.5921e-07
10100.3111	1.7623e-06	4.1537e-07
10107.2478	1.2728e-06	3.5300e-07
10114.1845	1.8602e-06	4.2675e-07
10121.1212	1.0769e-06	3.2471e-07
10128.0579	1.2728e-06	3.5300e-07
10134.9946	7.8323e-07	2.7691e-07
10141.9313	1.5665e-06	3.9162e-07
10148.8680	1.6644e-06	4.0367e-07
10155.8047	1.4686e-06	3.7918e-07
10162.7414	2.1539e-06	4.5921e-07
10169.6781	2.0560e-06	4.4865e-07
10176.6148	1.6644e-06	4.0367e-07
10183.5515	2.0560e-06	4.4865e-07
10190.4882	1.3707e-06	3.6632e-07
10197.4249	8.8114e-07	2.9371e-07
10204.3616	1.2728e-06	3.5300e-07
10211.2983	2.2518e-06	4.6953e-07
10218.2350	1.3707e-06	3.6632e-07
10225.1717	1.6644e-06	4.0367e-07
10232.1084	2.5455e-06	4.9921e-07
10239.0451	1.5665e-06	3.9162e-07
10245.9818	9.7904e-07	3.0960e-07
10252.9185	9.7904e-07	3.0960e-07
10259.8552	1.9581e-06	4.3784e-07
10266.7919	1.1748e-06	3.3915e-07
10273.7286	1.6644e-06	4.0367e-07
10280.6653	1.2728e-06	3.5300e-07
10287.6020	1.6644e-06	4.0367e-07
10294.5387	1.5665e-06	3.9162e-07
10301.4754	1.0769e-06	3.2471e-07
10308.4121	1.1748e-06	3.3915e-07
10315.3488	1.2728e-06	3.5300e-07
10322.2855	1.5665e-06	3.9162e-07
10329.2222	1.6644e-06	4.0367e-07
10336.1589	1.7623e-06	4.1537e-07
10343.0956	1.2728e-06	3.5300e-07
10350.0323	9.7904e-07	3.0960e-07
10356.9690	1.5665e-06	3.9162e-07
10363.9057	1.7623e-06	4.1537e-07
10370.8424	1.0769e-06	3.2471e-07
10377.7791	1.4686e-06	3.7918e-07
10384.7158	1.5665e-06	3.9162e-07
10391.6525	1.4686e-06	3.7918e-07
10398.5892	1.2728e-06	3.5300e-07
10405.5259	1.2728e-06	3.5300e-07
10412.4626	1.1748e-06	3.3915e-07
10419.3993	1.6644e-06	4.0367e-07
10426.3360	1.1748e-06	3.3915e-07
10433.2727	1.7623e-06	4.1537e-07
10440.2094	9.7904e-07	3.0960e-07
10447.1461	1.2728e-06	3.5300e-07
10454.0828	1.5665e-06	3.9162e-07
10461.0195	1.8602e-06	4.2675e-07
10467.9562	1.3707e-06	3.6632e-07
10474.8929	1.3707e-06	3.6632e-07
10481.8296	1.2728e-06	3.5300e-07
10488.7663	1.4686e-06	3.7918e-07
10495.7030	1.9581e-06	4.3784e-07
10502.6397	1.7623e-06	4.1537e-07
10509.5764	1.3707e-06	3.6632e-07
10516.5131	2.2518e-06	4.6953e-07
10523.4498	1.7623e-06	4.1537e-07
10530.3865	1.9581e-06	4.3784e-07
10537.3232	1.2728e-06	3.5300e-07
10544.2599	1.7623e-06	4.1537e-07
10551.1966	2.1539e-06	4.5921e-07
10558.1333	1.6644e-06	4.0367e-07
10565.0700	2.0560e-06	4.4865e-07
10572.0067	1.9581e-06	4.3784e-07
10578.9434	2.1539e-06	4.5921e-07
10585.8801	1.3707e-06	3.6632e-07
10592.8168	1.6644e-06	4.0367e-07
10599.7535	1.1748e-06	3.3915e-07
10606.6902	2.1539e-06	4.5921e-07
10613.6269	2.4476e-06	4.8952e-07
10620.5636	1.6644e-06	4.0367e-07
10627.5003	1.2728e-06	3.5300e-07
10634.4370	1.7623e-06	4.1537e-07
10641.3737	1.9581e-06	4.3784e-07
10648.3104	2.0560e-06	4.4865e-07
10655.2471	1.9581e-06	4.3784e-07
10662.1838	1.3707e-06	3.6632e-07
10669.1205	1.3707e-06	3.6632e-07
10676.0572	1.7623e-06	4.1537e-07
10682.9939	6.8533e-07	2.5903e-07
10689.9306	1.3707e-06	3.6632e-07
10696.8673	1.9581e-06	4.3784e-07
10703.8040	1.4686e-06	3.7918e-07
10710.7407	9.7904e-07	3.0960e-07
10717.6774	2.7413e-06	5.1806e-07
10724.6141	1.4686e-06	3.7918e-07
10731.5508	1.8602e-06	4.2675e-07
10738.4875	2.2518e-06	4.6953e-07
10745.4242	1.5665e-06	3.9162e-07
10752.3609	1.4686e-06	3.7918e-07
10759.2976	1.1748e-06	3.3915e-07
10766.2343	1.0769e-06	3.2471e-07
10773.1710	1.7623e-06	4.1537e-07
10780.1077	1.8602e-06	4.2675e-07
10787.0444	1.6644e-06	4.0367e-07
10793.9811	1.7623e-06	4.1537e-07
10800.9178	1.9581e-06	4.3784e-07
10807.8545	7.8323e-07	2.7691e-07
10814.7912	1.2728e-06	3.5300e-07
10821.7279	1.5665e-06	3.9162e-07
10828.6646	1.4686e-06	3.7918e-07
10835.6013	1.2728e-06	3.5300e-07
10842.5380	2.3497e-06	4.7963e-07
10849.4747	1.4686e-06	3.7918e-07
10856.4114	1.5665e-06	3.9162e-07
10863.3481	1.5665e-06	3.9162e-07
10870.2848	1.8602e-06	4.2675e-07
10877.2215	2.1539e-06	4.5921e-07
10884.1582	1.6644e-06	4.0367e-07
10891.0949	1.1748e-06	3.3915e-07
10898.0316	1.1748e-06	3.3915e-07
10904.9683	1.6644e-06	4.0367e-07
10911.9050	1.3707e-06	3.6632e-07
10918.8417	2.2518e-06	4.6953e-07
10925.7784	1.8602e-06	4.2675e-07
10932.7151	1.3707e-06	3.6632e-07
10939.6518	1.6644e-06	4.0367e-07
10946.5885	1.8602e-06	4.2675e-07
10953.5252	1.6644e-06	4.0367e-07
10960.4619	1.7623e-06	4.1537e-07
10967.3986	2.0560e-06	4.4865e-07
10974.3353	1.3707e-06	3.6632e-07
10981.2720	1.9581e-06	4.3784e-07
10988.2087	1.7623e-06	4.1537e-07
10995.1454	1.1748e-06	3.3915e-07
11002.0821	1.9581e-06	4.3784e-07
11009.0188	1.6644e-06	4.0367e-07
11015.9555	1.8602e-06	4.2675e-07
11022.8922	1.7623e-06	4.1537e-07
11029.8289	1.8602e-06	4.2675e-07
11036.7656	1.8602e-06	4.2675e-07
11043.7023	1.8602e-06	4.2675e-07
11050.6390	2.4476e-06	4.8952e-07
11057.5757	1.8602e-06	4.2675e-07
11064.5124	1.5665e-06	3.9162e-07
11071.4491	1.3707e-06	3.6632e-07
11078.3858	1.6644e-06	4.0367e-07
11085.3225	1.5665e-06	3.9162e-07
11092.2592	1.2728e-06	3.5300e-07
11099.1959	1.2728e-06	3.5300e-07
11106.1326	1.2728e-06	3.5300e-07
11113.0693	1.2728e-06	3.5300e-07
11120.0060	1.5665e-06	3.9162e-07
11126.9427	1.3707e-06	3.6632e-07
11133.8794	2.1539e-06	4.5921e-07
11140.8161	2.1539e-06	4.5921e-07
11147.7528	1.6644e-06	4.0367e-07
11154.6895	1.9581e-06	4.3784e-07
11161.6262	1.9581e-06	4.3784e-07
11168.5629	1.9581e-06	4.3784e-07
11175.4996	1.9581e-06	4.3784e-07
11182.4363	1.6644e-06	4.0367e-07
11189.3730	1.3707e-06	3.6632e-07
11196.3097	2.3497e-06	4.7963e-07
11203.2464	1.6644e-06	4.0367e-07
11210.1831	1.9581e-06	4.3784e-07
11217.1198	1.1748e-06	3.3915e-07
11224.0565	2.1539e-06	4.5921e-07
11230.9932	1.9581e-06	4.3784e-07
11237.9299	1.2728e-06	3.5300e-07
11244.8666	1.9581e-06	4.3784e-07
11251.8033	2.0560e-06	4.4865e-07
11258.7400	2.5455e-06	4.9921e-07
11265.6767	2.1539e-06	4.5921e-07
11272.6134	1.4686e-06	3.7918e-07
11279.5501	1.4686e-06	3.7918e-07
11286.4868	1.0769e-06	3.2471e-07
11293.4235	1.3707e-06	3.6632e-07
11300.3602	2.0560e-06	4.4865e-07
11307.2969	2.3497e-06	4.7963e-07
11314.2336	1.5665e-06	3.9162e-07
11321.1703	1.4686e-06	3.7918e-07
11328.1070	2.3497e-06	4.7963e-07
11335.0437	2.4476e-06	4.8952e-07
11341.9804	2.6434e-06	5.0872e-07
11348.9171	2.4476e-06	4.8952e-07
11355.8538	1.8602e-06	4.2675e-07
11362.7905	2.5455e-06	4.9921e-07
11369.7272	2.0560e-06	4.4865e-07
11376.6639	2.3497e-06	4.7963e-07
11383.6006	2.1539e-06	4.5921e-07
11390.5373	2.5455e-06	4.9921e-07
11397.4740	2.3497e-06	4.7963e-07
11404.4107	2.3497e-06	4.7963e-07
11411.3474	2.2518e-06	4.6953e-07
11418.2841	1.9581e-06	4.3784e-07
11425.2208	2.0560e-06	4.4865e-07
11432.1575	2.6434e-06	5.0872e-07
11439.0942	2.3497e-06	4.7963e-07
11446.0309	3.0350e-06	5.4511e-07
11452.9676	2.8392e-06	5.2723e-07
11459.9043	2.6434e-06	5.0872e-07
11466.8410	2.0560e-06	4.4865e-07
11473.7777	2.7413e-06	5.1806e-07
11480.7144	2.0560e-06	4.4865e-07
11487.6511	2.1539e-06	4.5921e-07
11494.5878	2.5455e-06	4.9921e-07
11501.5245	2.4476e-06	4.8952e-07
11508.4612	2.1539e-06	4.5921e-07
11515.3979	2.1539e-06	4.5921e-07
11522.3346	2.4476e-06	4.8952e-07
11529.2713	2.4476e-06	4.8952e-07
11536.2080	1.6644e-06	4.0367e-07
11543.1447	2.2518e-06	4.6953e-07
11550.0814	2.3497e-06	4.7963e-07
11557.0181	2.4476e-06	4.8952e-07
11563.9548	2.1539e-06	4.5921e-07
11570.8915	2.3497e-06	4.7963e-07
11577.8282	2.6434e-06	5.0872e-07
11584.7649	2.9371e-06	5.3624e-07
11591.7016	2.3497e-06	4.7963e-07
11598.6383	2.8392e-06	5.2723e-07
11605.5750	2.5455e-06	4.9921e-07
11612.5117	2.0560e-06	4.4865e-07
11619.4484	2.3497e-06	4.7963e-07
11626.3851	2.1539e-06	4.5921e-07
11633.3218	2.1539e-06	4.5921e-07
11640.2585	1.5665e-06	3.9162e-07
11647.1952	1.9581e-06	4.3784e-07
11654.1319	2.9371e-06	5.3624e-07
11661.0686	8.8114e-07	2.9371e-07
11668.0053	2.1539e-06	4.5921e-07
11674.9420	2.4476e-06	4.8952e-07
11681.8787	2.1539e-06	4.5921e-07
11688.8154	2.2518e-06	4.6953e-07
11695.7521	1.7623e-06	4.1537e-07
11702.6888	2.3497e-06	4.7963e-07
11709.6255	1.7623e-06	4.1537e-07
11716.5622	1.1748e-06	3.3915e-07
11723.4989	1.9581e-06	4.3784e-07
11730.4356	1.6644e-06	4.0367e-07
11737.3723	1.6644e-06	4.0367e-07
11744.3090	1.0769e-06	3.2471e-07
11751.2457	1.3707e-06	3.6632e-07
11758.1824	1.7623e-06	4.1537e-07
11765.1191	1.4686e-06	3.7918e-07
11772.0558	1.6644e-06	4.0367e-07
11778.9925	1.8602e-06	4.2675e-07
11785.9292	2.0560e-06	4.4865e-07
11792.8659	1.7623e-06	4.1537e-07
11799.8026	1.4686e-06	3.7918e-07
11806.7393	7.8323e-07	2.7691e-07
11813.6760	1.2728e-06	3.5300e-07
11820.6127	1.6644e-06	4.0367e-07
11827.5494	1.2728e-06	3.5300e-07
11834.4861	1.8602e-06	4.2675e-07
11841.4228	2.1539e-06	4.5921e-07
11848.3595	7.8323e-07	2.7691e-07
11855.2962	1.5665e-06	3.9162e-07
11862.2329	7.8323e-07	2.7691e-07
11869.1696	1.5665e-06	3.9162e-07
11876.1063	1.0769e-06	3.2471e-07
11883.0430	1.0769e-06	3.2471e-07
11889.9797	1.3707e-06	3.6632e-07
11896.9164	1.1748e-06	3.3915e-07
11903.8531	1.6644e-06	4.0367e-07
11910.7898	1.5665e-06	3.9162e-07
11917.7265	1.4686e-06	3.7918e-07
11924.6632	1.8602e-06	4.2675e-07
11931.5999	1.4686e-06	3.7918e-07
11938.5366	2.3497e-06	4.7963e-07
11945.4733	8.8114e-07	2.9371e-07
11952.4100	1.4686e-06	3.7918e-07
11959.3467	8.8114e-07	2.9371e-07
11966.2834	1.8602e-06	4.2675e-07
11973.2201	1.9581e-06	4.3784e-07
11980.1568	1.7623e-06	4.1537e-07
11987.0935	1.6644e-06	4.0367e-07
11994.0302	1.3707e-06	3.6632e-07
12000.9669	1.3707e-06	3.6632e-07
12007.9036	2.2518e-06	4.6953e-07
12014.8403	1.2728e-06	3.5300e-07
12021.7770	1.2728e-06	3.5300e-07
12028.7137	1.6644e-06	4.0367e-07
12035.6504	2.3497e-06	4.7963e-07
12042.5871	1.6644e-06	4.0367e-07
12049.5238	1.3707e-06	3.6632e-07
12056.4605	2.3497e-06	4.7963e-07
12063.3972	1.2728e-06	3.5300e-07
12070.3339	1.7623e-06	4.1537e-07
12077.2706	1.4686e-06	3.7918e-07
12084.2073	1.5665e-06	3.9162e-07
12091.1440	1.3707e-06	3.6632e-07
12098.0807	1.3707e-06	3.6632e-07
12105.0174	1.8602e-06	4.2675e-07
12111.9541	1.8602e-06	4.2675e-07
12118.8908	9.7904e-07	3.0960e-07
12125.8275	1.1748e-06	3.3915e-07
12132.7642	7.8323e-07	2.7691e-07
12139.7009	1.7623e-06	4.1537e-07
12146.6376	1.3707e-06	3.6632e-07
12153.5743	2.3497e-06	4.7963e-07
12160.5110	1.4686e-06	3.7918e-07
12167.4477	1.1748e-06	3.3915e-07
12174.3844	1.0769e-06	3.2471e-07
12181.3211	1.4686e-06	3.7918e-07
12188.2578	1.2728e-06	3.5300e-07
12195.1945	1.3707e-06	3.6632e-07
12202.1312	7.8323e-07	2.7691e-07
12209.0679	1.8602e-06	4.2675e-07
12216.0046	1.9581e-06	4.3784e-07
12222.9413	1.9581e-06	4.3784e-07
12229.8780	2.2518e-06	4.6953e-07
12236.8147	1.2728e-06	3.5300e-07
12243.7514	1.7623e-06	4.1537e-07
12250.6881	1.2728e-06	3.5300e-07
12257.6248	1.3707e-06	3.6632e-07
12264.5615	1.4686e-06	3.7918e-07
12271.4982	1.2728e-06	3.5300e-07
12278.4349	1.3707e-06	3.6632e-07
12285.3716	2.0560e-06	4.4865e-07
12292.3083	2.3497e-06	4.7963e-07
12299.2450	1.2728e-06	3.5300e-07
12306.1817	1.8602e-06	4.2675e-07
12313.1184	1.5665e-06	3.9162e-07
12320.0551	1.4686e-06	3.7918e-07
12326.9918	1.7623e-06	4.1537e-07
12333.9285	1.2728e-06	3.5300e-07
12340.8652	1.2728e-06	3.5300e-07
12347.8019	1.7623e-06	4.1537e-07
12354.7386	1.6644e-06	4.0367e-07
12361.6753	1.9581e-06	4.3784e-07
12368.6120	2.0560e-06	4.4865e-07
12375.5487	1.4686e-06	3.7918e-07
12382.4854	1.6644e-06	4.0367e-07
12389.4221	1.3707e-06	3.6632e-07
12396.3588	1.3707e-06	3.6632e-07
12403.2955	1.1748e-06	3.3915e-07
12410.2322	1.6644e-06	4.0367e-07
12417.1689	1.9581e-06	4.3784e-07
12424.1056	9.7904e-07	3.0960e-07
12431.0423	1.8602e-06	4.2675e-07
12437.9790	1.5665e-06	3.9162e-07
12444.9157	1.5665e-06	3.9162e-07
12451.8524	1.4686e-06	3.7918e-07
12458.7891	1.6644e-06	4.0367e-07
12465.7258	1.9581e-06	4.3784e-07
12472.6625	1.8602e-06	4.2675e-07
12479.5992	1.9581e-06	4.3784e-07
12486.5359	2.4476e-06	4.8952e-07
12493.4726	1.7623e-06	4.1537e-07
12500.4093	1.9581e-06	4.3784e-07
12507.3460	2.3497e-06	4.7963e-07
12514.2827	2.1539e-06	4.5921e-07
12521.2194	1.4686e-06	3.7918e-07
12528.1561	1.2728e-06	3.5300e-07
12535.0928	1.5665e-06	3.9162e-07
12542.0295	2.1539e-06	4.5921e-07
12548.9662	2.3497e-06	4.7963e-07
12555.9029	1.8602e-06	4.2675e-07
12562.8396	1.6644e-06	4.0367e-07
12569.7763	1.8602e-06	4.2675e-07
12576.7130	2.1539e-06	4.5921e-07
12583.6497	1.3707e-06	3.6632e-07
12590.5864	2.2518e-06	4.6953e-07
12597.5231	2.1539e-06	4.5921e-07
12604.4598	2.2518e-06	4.6953e-07
12611.3965	1.4686e-06	3.7918e-07
12618.3332	1.5665e-06	3.9162e-07
12625.2699	1.5665e-06	3.9162e-07
12632.2066	1.4686e-06	3.7918e-07
12639.1433	2.0560e-06	4.4865e-07
12646.0800	1.9581e-06	4.3784e-07
12653.0167	1.9581e-06	4.3784e-07
12659.9534	1.2728e-06	3.5300e-07
12666.8901	1.8602e-06	4.2675e-07
12673.8268	1.7623e-06	4.1537e-07
12680.7635	1.4686e-06	3.7918e-07
12687.7002	2.0560e-06	4.4865e-07
12694.6369	2.8392e-06	5.2723e-07
12701.5736	2.4476e-06	4.8952e-07
12708.5103	2.1539e-06	4.5921e-07
12715.4470	1.8602e-06	4.2675e-07
12722.3837	1.6644e-06	4.0367e-07
12729.3204	1.6644e-06	4.0367e-07
12736.2571	1.5665e-06	3.9162e-07
12743.1938	1.6644e-06	4.0367e-07
12750.1305	1.2728e-06	3.5300e-07
12757.0672	2.5455e-06	4.9921e-07
12764.0039	1.4686e-06	3.7918e-07
12770.9406	1.9581e-06	4.3784e-07
12777.8773	2.5455e-06	4.9921e-07
12784.8140	1.1748e-06	3.3915e-07
12791.7507	1.2728e-06	3.5300e-07
12798.6874	8.8114e-07	2.9371e-07
12805.6241	2.1539e-06	4.5921e-07
12812.5608	2.0560e-06	4.4865e-07
12819.4975	1.5665e-06	3.9162e-07
12826.4342	1.0769e-06	3.2471e-07
12833.3709	1.3707e-06	3.6632e-07
12840.3076	7.8323e-07	2.7691e-07
12847.2443	1.4686e-06	3.7918e-07
12854.1810	1.1748e-06	3.3915e-07
12861.1177	1.3707e-06	3.6632e-07
12868.0544	2.0560e-06	4.4865e-07
12874.9911	1.0769e-06	3.2471e-07
12881.9278	1.2728e-06	3.5300e-07
12888.8645	1.8602e-06	4.2675e-07
12895.8012	1.3707e-06	3.6632e-07
12902.7379	1.5665e-06	3.9162e-07
12909.6746	1.1748e-06	3.3915e-07
12916.6113	1.3707e-06	3.6632e-07
12923.5480	1.6644e-06	4.0367e-07
12930.4847	1.0769e-06	3.2471e-07
12937.4214	1.9581e-06	4.3784e-07
12944.3581	1.7623e-06	4.1537e-07
12951.2948	1.4686e-06	3.7918e-07
12958.2315	1.6644e-06	4.0367e-07
12965.1682	1.3707e-06	3.6632e-07
12972.1049	1.8602e-06	4.2675e-07
12979.0416	1.0769e-06	3.2471e-07
12985.9783	9.7904e-07	3.0960e-07
12992.9150	1.5665e-06	3.9162e-07
12999.8517	1.4686e-06	3.7918e-07
13006.7884	9.7904e-07	3.0960e-07
13013.7251	1.1748e-06	3.3915e-07
13020.6618	1.9581e-06	4.3784e-07
13027.5985	6.8533e-07	2.5903e-07
13034.5352	1.4686e-06	3.7918e-07
13041.4719	9.7904e-07	3.0960e-07
13048.4086	1.8602e-06	4.2675e-07
13055.3453	1.0769e-06	3.2471e-07
13062.2820	2.6434e-06	5.0872e-07
13069.2187	1.5665e-06	3.9162e-07
13076.1554	1.8602e-06	4.2675e-07
13083.0921	1.3707e-06	3.6632e-07
13090.0288	1.3707e-06	3.6632e-07
13096.9655	1.7623e-06	4.1537e-07
13103.9022	1.1748e-06	3.3915e-07
13110.8389	8.8114e-07	2.9371e-07
13117.7756	1.6644e-06	4.0367e-07
13124.7123	1.8602e-06	4.2675e-07
13131.6490	1.6644e-06	4.0367e-07
13138.5857	1.8602e-06	4.2675e-07
13145.5224	1.5665e-06	3.9162e-07
13152.4591	1.4686e-06	3.7918e-07
13159.3958	1.3707e-06	3.6632e-07
13166.3325	1.2728e-06	3.5300e-07
13173.2692	1.6644e-06	4.0367e-07
13180.2059	1.2728e-06	3.5300e-07
13187.1426	1.7623e-06	4.1537e-07
13194.0793	1.2728e-06	3.5300e-07
13201.0160	1.3707e-06	3.6632e-07
13207.9527	1.6644e-06	4.0367e-07
13214.8894	8.8114e-07	2.9371e-07
13221.8261	1.1748e-06	3.3915e-07
13228.7628	6.8533e-07	2.5903e-07
13235.6995	1.3707e-06	3.6632e-07
13242.6362	1.3707e-06	3.6632e-07
13249.5729	1.2728e-06	3.5300e-07
13256.5096	1.1748e-06	3.3915e-07
13263.4463	1.6644e-06	4.0367e-07
13270.3830	9.7904e-07	3.0960e-07
13277.3197	1.3707e-06	3.6632e-07
13284.2564	9.7904e-07	3.0960e-07
13291.1931	1.9581e-06	4.3784e-07
13298.1298	1.8602e-06	4.2675e-07
13305.0665	1.8602e-06	4.2675e-07
13312.0032	1.3707e-06	3.6632e-07
13318.9399	1.4686e-06	3.7918e-07
13325.8766	1.3707e-06	3.6632e-07
13332.8133	6.8533e-07	2.5903e-07
13339.7500	1.7623e-06	4.1537e-07
13346.6867	4.8952e-07	2.1892e-07
13353.6234	1.8602e-06	4.2675e-07
13360.5601	1.8602e-06	4.2675e-07
13367.4968	1.0769e-06	3.2471e-07
13374.4335	1.4686e-06	3.7918e-07
13381.3702	1.8602e-06	4.2675e-07
13388.3069	1.7623e-06	4.1537e-07
13395.2436	1.8602e-06	4.2675e-07
13402.1803	2.1539e-06	4.5921e-07
13409.1170	1.8602e-06	4.2675e-07
13416.0537	1.3707e-06	3.6632e-07
13422.9904	1.4686e-06	3.7918e-07
13429.9271	2.6434e-06	5.0872e-07
13436.8638	1.6644e-06	4.0367e-07
13443.8005	1.1748e-06	3.3915e-07
13450.7372	1.8602e-06	4.2675e-07
13457.6739	1.8602e-06	4.2675e-07
13464.6106	1.6644e-06	4.0367e-07
13471.5473	8.8114e-07	2.9371e-07
13478.4840	2.0560e-06	4.4865e-07
13485.4207	1.2728e-06	3.5300e-07
13492.3574	2.0560e-06	4.4865e-07
13499.2941	1.4686e-06	3.7918e-07
13506.2308	1.7623e-06	4.1537e-07
13513.1675	1.0769e-06	3.2471e-07
13520.1042	1.1748e-06	3.3915e-07
13527.0409	1.3707e-06	3.6632e-07
13533.9776	2.5455e-06	4.9921e-07
13540.9143	1.6644e-06	4.0367e-07
13547.8510	1.2728e-06	3.5300e-07
13554.7877	1.8602e-06	4.2675e-07
13561.7244	2.3497e-06	4.7963e-07
13568.6611	1.2728e-06	3.5300e-07
13575.5978	1.4686e-06	3.7918e-07
13582.5345	1.2728e-06	3.5300e-07
13589.4712	8.8114e-07	2.9371e-07
13596.4079	1.4686e-06	3.7918e-07
13603.3446	1.1748e-06	3.3915e-07
13610.2813	9.7904e-07	3.0960e-07
13617.2180	1.8602e-06	4.2675e-07
13624.1547	2.0560e-06	4.4865e-07
13631.0914	1.3707e-06	3.6632e-07
13638.0281	1.3707e-06	3.6632e-07
13644.9648	4.8952e-07	2.1892e-07
13651.9015	9.7904e-07	3.0960e-07
13658.8382	2.0560e-06	4.4865e-07
13665.7749	1.7623e-06	4.1537e-07
13672.7116	1.4686e-06	3.7918e-07
13679.6483	1.6644e-06	4.0367e-07
13686.5850	1.8602e-06	4.2675e-07
13693.5217	1.2728e-06	3.5300e-07
13700.4584	1.5665e-06	3.9162e-07
13707.3951	1.5665e-06	3.9162e-07
13714.3318	1.0769e-06	3.2471e-07
13721.2685	8.8114e-07	2.9371e-07
13728.2052	1.5665e-06	3.9162e-07
13735.1419	1.0769e-06	3.2471e-07
13742.0786	3.9162e-07	1.9581e-07
13749.0153	1.4686e-06	3.7918e-07
13755.9520	1.5665e-06	3.9162e-07
13762.8887	1.7623e-06	4.1537e-07
13769.8254	1.6644e-06	4.0367e-07
13776.7621	1.2728e-06	3.5300e-07
13783.6988	1.3707e-06	3.6632e-07
13790.6355	1.4686e-06	3.7918e-07
13797.5722	1.8602e-06	4.2675e-07
13804.5089	2.0560e-06	4.4865e-07
13811.4456	1.4686e-06	3.7918e-07
13818.3823	1.0769e-06	3.2471e-07
13825.3190	1.4686e-06	3.7918e-07
13832.2557	1.2728e-06	3.5300e-07
13839.1924	1.9581e-06	4.3784e-07
13846.1291	1.6644e-06	4.0367e-07
13853.0658	1.3707e-06	3.6632e-07
13860.0025	2.5455e-06	4.9921e-07
13866.9392	7.8323e-07	2.7691e-07
13873.8759	8.8114e-07	2.9371e-07
13880.8126	1.9581e-06	4.3784e-07
13887.7493	1.4686e-06	3.7918e-07
13894.6860	1.8602e-06	4.2675e-07
13901.6227	9.7904e-07	3.0960e-07
13908.5594	1.6644e-06	4.0367e-07
13915.4961	1.7623e-06	4.1537e-07
13922.4328	1.3707e-06	3.6632e-07
13929.3695	1.8602e-06	4.2675e-07
13936.3062	1.7623e-06	4.1537e-07
13943.2429	8.8114e-07	2.9371e-07
13950.1796	1.2728e-06	3.5300e-07
13957.1163	6.8533e-07	2.5903e-07
13964.0530	1.2728e-06	3.5300e-07
13970.9897	1.8602e-06	4.2675e-07
13977.9264	1.0769e-06	3.2471e-07
13984.8631	1.6644e-06	4.0367e-07
13991.7998	8.8114e-07	2.9371e-07
13998.7365	1.3707e-06	3.6632e-07
14005.6732	1.8602e-06	4.2675e-07
14012.6099	2.1539e-06	4.5921e-07
14019.5466	7.8323e-07	2.7691e-07
14026.4833	7.8323e-07	2.7691e-07
14033.4200	5.8742e-07	2.3981e-07
14040.3567	1.6644e-06	4.0367e-07
14047.2934	1.9581e-06	4.3784e-07
14054.2301	1.1748e-06	3.3915e-07
14061.1668	8.8114e-07	2.9371e-07
14068.1035	1.8602e-06	4.2675e-07
14075.0402	8.8114e-07	2.9371e-07
14081.9769	1.1748e-06	3.3915e-07
14088.9136	1.0769e-06	3.2471e-07
14095.8503	1.3707e-06	3.6632e-07
14102.7870	1.3707e-06	3.6632e-07
14109.7237	1.4686e-06	3.7918e-07
14116.6604	1.1748e-06	3.3915e-07
14123.5971	1.0769e-06	3.2471e-07
14130.5338	2.0560e-06	4.4865e-07
14137.4705	9.7904e-07	3.0960e-07
14144.4072	1.3707e-06	3.6632e-07
14151.3439	8.8114e-07	2.9371e-07
14158.2806	1.5665e-06	3.9162e-07
