-114.6980	0.0000e+00	0.0000e+00
-102.9260	0.0000e+00	0.0000e+00
-91.1540	0.0000e+00	0.0000e+00
-79.3820	0.0000e+00	0.0000e+00
-67.6100	0.0000e+00	0.0000e+00
-55.8380	0.0000e+00	0.0000e+00
-44.0660	0.0000e+00	0.0000e+00
-32.2940	0.0000e+00	0.0000e+00
-20.5220	0.0000e+00	0.0000e+00
-8.7500	0.0000e+00	0.0000e+00
3.0220	0.0000e+00	0.0000e+00
14.7940	0.0000e+00	0.0000e+00
26.5660	0.0000e+00	0.0000e+00
38.3380	0.0000e+00	0.0000e+00
50.1100	0.0000e+00	0.0000e+00
61.8820	0.0000e+00	0.0000e+00
73.6540	0.0000e+00	0.0000e+00
85.4260	0.0000e+00	0.0000e+00
97.1980	0.0000e+00	0.0000e+00
108.9700	0.0000e+00	0.0000e+00
120.7420	0.0000e+00	0.0000e+00
132.5140	0.0000e+00	0.0000e+00
144.2860	0.0000e+00	0.0000e+00
156.0580	0.0000e+00	0.0000e+00
167.8300	0.0000e+00	0.0000e+00
179.6020	0.0000e+00	0.0000e+00
191.3740	0.0000e+00	0.0000e+00
203.1460	0.0000e+00	0.0000e+00
214.9180	0.0000e+00	0.0000e+00
226.6900	0.0000e+00	0.0000e+00
238.4620	0.0000e+00	0.0000e+00
250.2340	0.0000e+00	0.0000e+00
262.0060	0.0000e+00	0.0000e+00
273.7780	0.0000e+00	0.0000e+00
285.5500	0.0000e+00	0.0000e+00
297.3220	0.0000e+00	0.0000e+00
309.0940	0.0000e+00	0.0000e+00
320.8660	0.0000e+00	0.0000e+00
332.6380	0.0000e+00	0.0000e+00
344.4100	0.0000e+00	0.0000e+00
356.1820	0.0000e+00	0.0000e+00
367.9540	0.0000e+00	0.0000e+00
379.7260	0.0000e+00	0.0000e+00
391.4980	0.0000e+00	0.0000e+00
403.2700	0.0000e+00	0.0000e+00
415.0420	0.0000e+00	0.0000e+00
426.8140	0.0000e+00	0.0000e+00
438.5860	0.0000e+00	0.0000e+00
450.3580	0.0000e+00	0.0000e+00
462.1300	0.0000e+00	0.0000e+00
473.9020	0.0000e+00	0.0000e+00
485.6740	0.0000e+00	0.0000e+00
497.4460	0.0000e+00	0.0000e+00
509.2180	0.0000e+00	0.0000e+00
520.9900	0.0000e+00	0.0000e+00
532.7620	0.0000e+00	0.0000e+00
544.5340	0.0000e+00	0.0000e+00
556.3060	0.0000e+00	0.0000e+00
568.0780	0.0000e+00	0.0000e+00
579.8500	0.0000e+00	0.0000e+00
591.6220	0.0000e+00	0.0000e+00
603.3940	0.0000e+00	0.0000e+00
615.1660	0.0000e+00	0.0000e+00
626.9380	0.0000e+00	0.0000e+00
638.7100	0.0000e+00	0.0000e+00
650.4820	0.0000e+00	0.0000e+00
662.2540	0.0000e+00	0.0000e+00
674.0260	0.0000e+00	0.0000e+00
685.7980	0.0000e+00	0.0000e+00
697.5700	0.0000e+00	0.0000e+00
709.3420	0.0000e+00	0.0000e+00
721.1140	0.0000e+00	0.0000e+00
732.8860	0.0000e+00	0.0000e+00
744.6580	0.0000e+00	0.0000e+00
756.4300	0.0000e+00	0.0000e+00
768.2020	0.0000e+00	0.0000e+00
779.9740	0.0000e+00	0.0000e+00
791.7460	0.0000e+00	0.0000e+00
803.5180	0.0000e+00	0.0000e+00
815.2900	0.0000e+00	0.0000e+00
827.0620	0.0000e+00	0.0000e+00
838.8340	0.0000e+00	0.0000e+00
850.6060	0.0000e+00	0.0000e+00
862.3780	0.0000e+00	0.0000e+00
874.1500	0.0000e+00	0.0000e+00
885.9220	0.0000e+00	0.0000e+00
897.6940	0.0000e+00	0.0000e+00
909.4660	0.0000e+00	0.0000e+00
921.2380	0.0000e+00	0.0000e+00
933.0100	0.0000e+00	0.0000e+00
944.7820	0.0000e+00	0.0000e+00
956.5540	0.0000e+00	0.0000e+00
968.3260	0.0000e+00	0.0000e+00
980.0980	0.0000e+00	0.0000e+00
991.8700	0.0000e+00	0.0000e+00
1003.6420	0.0000e+00	0.0000e+00
1015.4140	0.0000e+00	0.0000e+00
1027.1860	0.0000e+00	0.0000e+00
1038.9580	0.0000e+00	0.0000e+00
1050.7300	0.0000e+00	0.0000e+00
1062.5020	0.0000e+00	0.0000e+00
1074.2740	0.0000e+00	0.0000e+00
1086.0460	0.0000e+00	0.0000e+00
1097.8180	0.0000e+00	0.0000e+00
1109.5900	0.0000e+00	0.0000e+00
1121.3620	0.0000e+00	0.0000e+00
1133.1340	0.0000e+00	0.0000e+00
1144.9060	0.0000e+00	0.0000e+00
1156.6780	0.0000e+00	0.0000e+00
1168.4500	0.0000e+00	0.0000e+00
1180.2220	0.0000e+00	0.0000e+00
1191.9940	0.0000e+00	0.0000e+00
1203.7660	0.0000e+00	0.0000e+00
1215.5380	0.0000e+00	0.0000e+00
1227.3100	0.0000e+00	0.0000e+00
1239.0820	0.0000e+00	0.0000e+00
1250.8540	0.0000e+00	0.0000e+00
1262.6260	0.0000e+00	0.0000e+00
1274.3980	0.0000e+00	0.0000e+00
1286.1700	0.0000e+00	0.0000e+00
1297.9420	0.0000e+00	0.0000e+00
1309.7140	0.0000e+00	0.0000e+00
1321.4860	0.0000e+00	0.0000e+00
1333.2580	0.0000e+00	0.0000e+00
1345.0300	0.0000e+00	0.0000e+00
1356.8020	0.0000e+00	0.0000e+00
1368.5740	0.0000e+00	0.0000e+00
1380.3460	0.0000e+00	0.0000e+00
1392.1180	0.0000e+00	0.0000e+00
1403.8900	0.0000e+00	0.0000e+00
1415.6620	0.0000e+00	0.0000e+00
1427.4340	0.0000e+00	0.0000e+00
1439.2060	0.0000e+00	0.0000e+00
1450.9780	0.0000e+00	0.0000e+00
1462.7500	0.0000e+00	0.0000e+00
1474.5220	0.0000e+00	0.0000e+00
1486.2940	6.4928e-08	4.5911e-08
1498.0660	3.2464e-08	3.2464e-08
1509.8380	0.0000e+00	0.0000e+00
1521.6100	3.2464e-08	3.2464e-08
1533.3820	6.4928e-08	4.5911e-08
1545.1540	1.2986e-07	6.4928e-08
1556.9260	9.7393e-08	5.6230e-08
1568.6980	1.6232e-07	7.2592e-08
1580.4700	9.7393e-08	5.6230e-08
1592.2420	2.5971e-07	9.1823e-08
1604.0140	1.9479e-07	7.9521e-08
1615.7860	5.5189e-07	1.3385e-07
1627.5580	2.5971e-07	9.1823e-08
1639.3300	6.8175e-07	1.4877e-07
1651.1020	8.7653e-07	1.6869e-07
1662.8740	6.1682e-07	1.4151e-07
1674.6460	9.4146e-07	1.7483e-07
1686.4180	1.6881e-06	2.3410e-07
1698.1900	8.7653e-07	1.6869e-07
1709.9620	1.5907e-06	2.2725e-07
1721.7340	1.7206e-06	2.3634e-07
1733.5060	1.7855e-06	2.4076e-07
1745.2780	2.1751e-06	2.6573e-07
1757.0500	2.9218e-06	3.0798e-07
1768.8220	3.4412e-06	3.3424e-07
1780.5940	3.7659e-06	3.4965e-07
1792.3660	3.7009e-06	3.4662e-07
1804.1380	4.8047e-06	3.9494e-07
1815.9100	5.3241e-06	4.1575e-07
1827.6820	5.3241e-06	4.1575e-07
1839.4540	6.1357e-06	4.4631e-07
1851.2260	6.5253e-06	4.6026e-07
1862.9980	7.0123e-06	4.7713e-07
1874.7700	8.5381e-06	5.2648e-07
1886.5420	8.7329e-06	5.3245e-07
1898.3140	9.6419e-06	5.5948e-07
1910.0860	1.0324e-05	5.7892e-07
1921.8580	1.1460e-05	6.0995e-07
1933.6300	1.2726e-05	6.4276e-07
1945.4020	1.3570e-05	6.6374e-07
1957.1740	1.4869e-05	6.9477e-07
1968.9460	1.3700e-05	6.6690e-07
1980.7180	1.5907e-05	7.1863e-07
1992.4900	1.5648e-05	7.1274e-07
2004.2620	1.6492e-05	7.3171e-07
2016.0340	1.7401e-05	7.5161e-07
2027.8060	1.8797e-05	7.8117e-07
2039.5780	1.9608e-05	7.9786e-07
2051.3500	2.2368e-05	8.5215e-07
2063.1220	2.1134e-05	8.2832e-07
2074.8940	2.2822e-05	8.6077e-07
2086.6660	2.3147e-05	8.6687e-07
2098.4380	2.4705e-05	8.9557e-07
2110.2100	2.5614e-05	9.1190e-07
2121.9820	2.6134e-05	9.2110e-07
2133.7540	2.7595e-05	9.4650e-07
2145.5260	2.7984e-05	9.5315e-07
2157.2980	3.0094e-05	9.8844e-07
2169.0700	2.8893e-05	9.6851e-07
2180.8420	2.9283e-05	9.7502e-07
2192.6140	3.1133e-05	1.0054e-06
2204.3860	3.1263e-05	1.0074e-06
2216.1580	3.2334e-05	1.0246e-06
2227.9300	3.0971e-05	1.0027e-06
2239.7020	3.3633e-05	1.0449e-06
2251.4740	3.3698e-05	1.0459e-06
2263.2460	3.7009e-05	1.0961e-06
2275.0180	3.3406e-05	1.0414e-06
2286.7900	3.6555e-05	1.0894e-06
2298.5620	3.5841e-05	1.0787e-06
2310.3340	3.7042e-05	1.0966e-06
2322.1060	3.5386e-05	1.0718e-06
2333.8780	3.7366e-05	1.1014e-06
2345.6500	3.7269e-05	1.1000e-06
2357.4220	3.8048e-05	1.1114e-06
2369.1940	3.8730e-05	1.1213e-06
2380.9660	3.7301e-05	1.1004e-06
2392.7380	3.9249e-05	1.1288e-06
2404.5100	3.7236e-05	1.0995e-06
2416.2820	3.7269e-05	1.1000e-06
2428.0540	3.7431e-05	1.1024e-06
2439.8260	4.2139e-05	1.1696e-06
2451.5980	4.0418e-05	1.1455e-06
2463.3700	4.0613e-05	1.1483e-06
2475.1420	3.9184e-05	1.1279e-06
2486.9140	4.2074e-05	1.1687e-06
2498.6860	4.0288e-05	1.1437e-06
2510.4580	4.1197e-05	1.1565e-06
2522.2300	3.9899e-05	1.1381e-06
2534.0020	4.2593e-05	1.1759e-06
2545.7740	3.9412e-05	1.1311e-06
2557.5460	4.1684e-05	1.1633e-06
2569.3180	4.1262e-05	1.1574e-06
2581.0900	4.2918e-05	1.1804e-06
2592.8620	4.2203e-05	1.1705e-06
2604.6340	4.2268e-05	1.1714e-06
2616.4060	3.9671e-05	1.1349e-06
2628.1780	3.7853e-05	1.1086e-06
2639.9500	3.9899e-05	1.1381e-06
2651.7220	4.0321e-05	1.1441e-06
2663.4940	3.9606e-05	1.1339e-06
2675.2660	4.0515e-05	1.1469e-06
2687.0380	3.8632e-05	1.1199e-06
2698.8100	3.8600e-05	1.1194e-06
2710.5820	3.8275e-05	1.1147e-06
2722.3540	3.6944e-05	1.0952e-06
2734.1260	3.7659e-05	1.1057e-06
2745.8980	3.8145e-05	1.1128e-06
2757.6700	3.5743e-05	1.0772e-06
2769.4420	3.5873e-05	1.0792e-06
2781.2140	3.7334e-05	1.1009e-06
2792.9860	3.6263e-05	1.0850e-06
2804.7580	3.5289e-05	1.0703e-06
2816.5300	3.8892e-05	1.1237e-06
2828.3020	3.4542e-05	1.0590e-06
2840.0740	3.6587e-05	1.0899e-06
2851.8460	3.7074e-05	1.0971e-06
2863.6180	3.5841e-05	1.0787e-06
2875.3900	3.6425e-05	1.0874e-06
2887.1620	3.4932e-05	1.0649e-06
2898.9340	3.7529e-05	1.1038e-06
2910.7060	3.7788e-05	1.1076e-06
2922.4780	3.6263e-05	1.0850e-06
2934.2500	3.6068e-05	1.0821e-06
2946.0220	3.5224e-05	1.0694e-06
2957.7940	3.3438e-05	1.0419e-06
2969.5660	3.5711e-05	1.0767e-06
2981.3380	3.6263e-05	1.0850e-06
2993.1100	3.5386e-05	1.0718e-06
3004.8820	3.5483e-05	1.0733e-06
3016.6540	3.5029e-05	1.0664e-06
3028.4260	3.4574e-05	1.0595e-06
3040.1980	3.3568e-05	1.0439e-06
3051.9700	3.2432e-05	1.0261e-06
3063.7420	3.3341e-05	1.0404e-06
3075.5140	3.2367e-05	1.0251e-06
3087.2860	3.4769e-05	1.0624e-06
3099.0580	3.2951e-05	1.0343e-06
3110.8300	3.3308e-05	1.0399e-06
3122.6020	3.3763e-05	1.0470e-06
3134.3740	3.3698e-05	1.0459e-06
3146.1460	3.3276e-05	1.0394e-06
3157.9180	3.4380e-05	1.0565e-06
3169.6900	3.0224e-05	9.9057e-07
3181.4620	3.4769e-05	1.0624e-06
3193.2340	3.4315e-05	1.0555e-06
3205.0060	3.1718e-05	1.0147e-06
3216.7780	3.2886e-05	1.0333e-06
3228.5500	3.2042e-05	1.0199e-06
3240.3220	3.0711e-05	9.9852e-07
3252.0940	3.4477e-05	1.0580e-06
3263.8660	3.4834e-05	1.0634e-06
3275.6380	3.1393e-05	1.0095e-06
3287.4100	3.2237e-05	1.0230e-06
3299.1820	3.2237e-05	1.0230e-06
3310.9540	3.3049e-05	1.0358e-06
3322.7260	2.9023e-05	9.7068e-07
3334.4980	3.1425e-05	1.0101e-06
3346.2700	3.0646e-05	9.9746e-07
3358.0420	3.1782e-05	1.0158e-06
3369.8140	3.2432e-05	1.0261e-06
3381.5860	3.0679e-05	9.9799e-07
3393.3580	3.0646e-05	9.9746e-07
3405.1300	3.0776e-05	9.9957e-07
3416.9020	3.2659e-05	1.0297e-06
3428.6740	3.0387e-05	9.9322e-07
3440.4460	2.9445e-05	9.7772e-07
3452.2180	3.1003e-05	1.0033e-06
3463.9900	2.8374e-05	9.5976e-07
3475.7620	3.1393e-05	1.0095e-06
3487.5340	2.9802e-05	9.8363e-07
3499.3060	3.0971e-05	1.0027e-06
3511.0780	3.1458e-05	1.0106e-06
3522.8500	3.0484e-05	9.9481e-07
3534.6220	3.1718e-05	1.0147e-06
3546.3940	2.7367e-05	9.4259e-07
3558.1660	2.9510e-05	9.7879e-07
3569.9380	3.0614e-05	9.9693e-07
3581.7100	3.3016e-05	1.0353e-06
3593.4820	3.1555e-05	1.0121e-06
3605.2540	2.9737e-05	9.8256e-07
3617.0260	3.1815e-05	1.0163e-06
3628.7980	2.9802e-05	9.8363e-07
3640.5700	3.0257e-05	9.9110e-07
3652.3420	2.8504e-05	9.6196e-07
3664.1140	3.1588e-05	1.0127e-06
3675.8860	2.9932e-05	9.8577e-07
3687.6580	2.9185e-05	9.7339e-07
3699.4300	3.1166e-05	1.0059e-06
3711.2020	3.1068e-05	1.0043e-06
3722.9740	2.9900e-05	9.8523e-07
3734.7460	2.8666e-05	9.6469e-07
3746.5180	3.0646e-05	9.9746e-07
3758.2900	2.9802e-05	9.8363e-07
3770.0620	2.9153e-05	9.7285e-07
3781.8340	2.9802e-05	9.8363e-07
3793.6060	2.8341e-05	9.5922e-07
3805.3780	2.9672e-05	9.8148e-07
3817.1500	2.8926e-05	9.6905e-07
3828.9220	2.9542e-05	9.7933e-07
3840.6940	2.8926e-05	9.6905e-07
3852.4660	2.8471e-05	9.6141e-07
3864.2380	2.9413e-05	9.7718e-07
3876.0100	2.9705e-05	9.8202e-07
3887.7820	2.7205e-05	9.3979e-07
3899.5540	2.7984e-05	9.5315e-07
3911.3260	2.8536e-05	9.6251e-07
3923.0980	3.0224e-05	9.9057e-07
3934.8700	3.0387e-05	9.9322e-07
3946.6420	2.7270e-05	9.4091e-07
3958.4140	2.8244e-05	9.5757e-07
3970.1860	2.8731e-05	9.6579e-07
3981.9580	2.8666e-05	9.6469e-07
3993.7300	3.0094e-05	9.8844e-07
4005.5020	2.8082e-05	9.5481e-07
4017.2740	2.8244e-05	9.5757e-07
4029.0460	3.0224e-05	9.9057e-07
4040.8180	2.8731e-05	9.6579e-07
4052.5900	3.0841e-05	1.0006e-06
4064.3620	2.6426e-05	9.2623e-07
4076.1340	2.7660e-05	9.4761e-07
4087.9060	2.6751e-05	9.3191e-07
4099.6780	2.8763e-05	9.6633e-07
4111.4500	2.7660e-05	9.4761e-07
4123.2220	2.9218e-05	9.7394e-07
4134.9940	2.7400e-05	9.4315e-07
4146.7660	2.7335e-05	9.4203e-07
4158.5380	2.6848e-05	9.3360e-07
4170.3100	2.8179e-05	9.5646e-07
4182.0820	2.7237e-05	9.4035e-07
4193.8540	2.7302e-05	9.4147e-07
4205.6260	2.7335e-05	9.4203e-07
4217.3980	2.8374e-05	9.5976e-07
4229.1700	2.7919e-05	9.5205e-07
4240.9420	2.8439e-05	9.6086e-07
4252.7140	2.6458e-05	9.2680e-07
4264.4860	2.7432e-05	9.4371e-07
4276.2580	2.7757e-05	9.4927e-07
4288.0300	2.7108e-05	9.3811e-07
4299.8020	2.6621e-05	9.2964e-07
4311.5740	2.7400e-05	9.4315e-07
4323.3460	2.7237e-05	9.4035e-07
4335.1180	2.8179e-05	9.5646e-07
4346.8900	2.7627e-05	9.4705e-07
4358.6620	2.6523e-05	9.2794e-07
4370.4340	2.7724e-05	9.4872e-07
4382.2060	2.6199e-05	9.2224e-07
4393.9780	2.7627e-05	9.4705e-07
4405.7500	2.5809e-05	9.1536e-07
4417.5220	2.7432e-05	9.4371e-07
4429.2940	2.7984e-05	9.5315e-07
4441.0660	2.6686e-05	9.3077e-07
4452.8380	2.6523e-05	9.2794e-07
4464.6100	2.7789e-05	9.4983e-07
4476.3820	2.6393e-05	9.2567e-07
4488.1540	2.7302e-05	9.4147e-07
4499.9260	2.7075e-05	9.3754e-07
4511.6980	2.5452e-05	9.0901e-07
4523.4700	2.7140e-05	9.3867e-07
4535.2420	2.5355e-05	9.0726e-07
4547.0140	2.7432e-05	9.4371e-07
4558.7860	2.6199e-05	9.2224e-07
4570.5580	2.5549e-05	9.1074e-07
4582.3300	2.5582e-05	9.1132e-07
4594.1020	2.7108e-05	9.3811e-07
4605.8740	2.6653e-05	9.3021e-07
4617.6460	2.8114e-05	9.5536e-07
4629.4180	2.6945e-05	9.3529e-07
4641.1900	2.6296e-05	9.2396e-07
4652.9620	2.7140e-05	9.3867e-07
4664.7340	2.5387e-05	9.0785e-07
4676.5060	2.5225e-05	9.0494e-07
4688.2780	2.6815e-05	9.3304e-07
4700.0500	2.4900e-05	8.9910e-07
4711.8220	2.7497e-05	9.4482e-07
4723.5940	2.6556e-05	9.2851e-07
4735.3660	2.4673e-05	8.9498e-07
4747.1380	2.5744e-05	9.1421e-07
4758.9100	2.5095e-05	9.0261e-07
4770.6820	2.7400e-05	9.4315e-07
4782.4540	2.6036e-05	9.1938e-07
4794.2260	2.4705e-05	8.9557e-07
4805.9980	2.7270e-05	9.4091e-07
4817.7700	2.7205e-05	9.3979e-07
4829.5420	2.8211e-05	9.5702e-07
4841.3140	2.6328e-05	9.2453e-07
4853.0860	2.5906e-05	9.1709e-07
4864.8580	2.5647e-05	9.1248e-07
4876.6300	2.6621e-05	9.2964e-07
4888.4020	2.5777e-05	9.1478e-07
4900.1740	2.5095e-05	9.0261e-07
4911.9460	2.5874e-05	9.1651e-07
4923.7180	2.7919e-05	9.5205e-07
4935.4900	2.6231e-05	9.2281e-07
4947.2620	2.6458e-05	9.2680e-07
4959.0340	2.6751e-05	9.3191e-07
4970.8060	2.4446e-05	8.9085e-07
4982.5780	2.5582e-05	9.1132e-07
4994.3500	2.9055e-05	9.7123e-07
5006.1220	2.5744e-05	9.1421e-07
5017.8940	2.7010e-05	9.3642e-07
5029.6660	2.4835e-05	8.9792e-07
5041.4380	2.6231e-05	9.2281e-07
5053.2100	2.5582e-05	9.1132e-07
5064.9820	2.6426e-05	9.2623e-07
5076.7540	2.6718e-05	9.3134e-07
5088.5260	2.5127e-05	9.0319e-07
5100.2980	2.4770e-05	8.9675e-07
5112.0700	2.4608e-05	8.9381e-07
5123.8420	2.5484e-05	9.0959e-07
5135.6140	2.6166e-05	9.2167e-07
5147.3860	2.6199e-05	9.2224e-07
5159.1580	2.4575e-05	8.9322e-07
5170.9300	2.6556e-05	9.2851e-07
5182.7020	2.6036e-05	9.1938e-07
5194.4740	2.5160e-05	9.0377e-07
5206.2460	2.5679e-05	9.1305e-07
5218.0180	2.6199e-05	9.2224e-07
5229.7900	2.4381e-05	8.8967e-07
5241.5620	2.5387e-05	9.0785e-07
5253.3340	2.6264e-05	9.2339e-07
5265.1060	2.4186e-05	8.8611e-07
5276.8780	2.6166e-05	9.2167e-07
5288.6500	2.5452e-05	9.0901e-07
5300.4220	2.5452e-05	9.0901e-07
5312.1940	2.5712e-05	9.1363e-07
5323.9660	2.5127e-05	9.0319e-07
5335.7380	2.5549e-05	9.1074e-07
5347.5100	2.5614e-05	9.1190e-07
5359.2820	2.7562e-05	9.4594e-07
5371.0540	2.5809e-05	9.1536e-07
5382.8260	2.4900e-05	8.9910e-07
5394.5980	2.5419e-05	9.0843e-07
5406.3700	2.5192e-05	9.0436e-07
5418.1420	2.6296e-05	9.2396e-07
5429.9140	2.4640e-05	8.9440e-07
5441.6860	2.5874e-05	9.1651e-07
5453.4580	2.4575e-05	8.9322e-07
5465.2300	2.3959e-05	8.8194e-07
5477.0020	2.6004e-05	9.1881e-07
5488.7740	2.6101e-05	9.2053e-07
5500.5460	2.4608e-05	8.9381e-07
5512.3180	2.5290e-05	9.0610e-07
5524.0900	2.5452e-05	9.0901e-07
5535.8620	2.4121e-05	8.8492e-07
5547.6340	2.3504e-05	8.7353e-07
5559.4060	2.4413e-05	8.9026e-07
5571.1780	2.3991e-05	8.8253e-07
5582.9500	2.5906e-05	9.1709e-07
5594.7220	2.6393e-05	9.2567e-07
5606.4940	2.6751e-05	9.3191e-07
5618.2660	2.5647e-05	9.1248e-07
5630.0380	2.6653e-05	9.3021e-07
5641.8100	2.5582e-05	9.1132e-07
5653.5820	2.8179e-05	9.5646e-07
5665.3540	2.7530e-05	9.4538e-07
5677.1260	2.7595e-05	9.4650e-07
5688.8980	2.7984e-05	9.5315e-07
5700.6700	2.8536e-05	9.6251e-07
5712.4420	2.8633e-05	9.6415e-07
5724.2140	3.1036e-05	1.0038e-06
5735.9860	3.2172e-05	1.0220e-06
5747.7580	3.2594e-05	1.0287e-06
5759.5300	3.2659e-05	1.0297e-06
5771.3020	3.4282e-05	1.0550e-06
5783.0740	3.5873e-05	1.0792e-06
5794.8460	3.6944e-05	1.0952e-06
5806.6180	3.4932e-05	1.0649e-06
5818.3900	3.7691e-05	1.1062e-06
5830.1620	3.4704e-05	1.0614e-06
5841.9340	3.4802e-05	1.0629e-06
5853.7060	3.5873e-05	1.0792e-06
5865.4780	3.5548e-05	1.0743e-06
5877.2500	3.4672e-05	1.0610e-06
5889.0220	3.3990e-05	1.0505e-06
5900.7940	3.0809e-05	1.0001e-06
5912.5660	3.1231e-05	1.0069e-06
5924.3380	3.0451e-05	9.9428e-07
5936.1100	2.9153e-05	9.7285e-07
5947.8820	2.8569e-05	9.6305e-07
5959.6540	2.8017e-05	9.5371e-07
5971.4260	2.8504e-05	9.6196e-07
5983.1980	2.6199e-05	9.2224e-07
5994.9700	2.7919e-05	9.5205e-07
6006.7420	2.6069e-05	9.1995e-07
6018.5140	2.4088e-05	8.8432e-07
6030.2860	2.4803e-05	8.9734e-07
6042.0580	2.4705e-05	8.9557e-07
6053.8300	2.5777e-05	9.1478e-07
6065.6020	2.4965e-05	9.0027e-07
6077.3740	2.3991e-05	8.8253e-07
6089.1460	2.4121e-05	8.8492e-07
6100.9180	2.3731e-05	8.7774e-07
6112.6900	2.5484e-05	9.0959e-07
6124.4620	2.4835e-05	8.9792e-07
6136.2340	2.3699e-05	8.7714e-07
6148.0060	2.3959e-05	8.8194e-07
6159.7780	2.3666e-05	8.7654e-07
6171.5500	2.2108e-05	8.4719e-07
6183.3220	2.4803e-05	8.9734e-07
6195.0940	2.3796e-05	8.7894e-07
6206.8660	2.3082e-05	8.6565e-07
6218.6380	2.4868e-05	8.9851e-07
6230.4100	2.5160e-05	9.0377e-07
6242.1820	2.6296e-05	9.2396e-07
6253.9540	2.6134e-05	9.2110e-07
6265.7260	2.7335e-05	9.4203e-07
6277.4980	2.8179e-05	9.5646e-07
6289.2700	2.6426e-05	9.2623e-07
6301.0420	2.9770e-05	9.8309e-07
6312.8140	2.8374e-05	9.5976e-07
6324.5860	3.0451e-05	9.9428e-07
6336.3580	3.1523e-05	1.0116e-06
6348.1300	3.3178e-05	1.0379e-06
6359.9020	3.4932e-05	1.0649e-06
6371.6740	3.4185e-05	1.0535e-06
6383.4460	3.3795e-05	1.0475e-06
6395.2180	3.7107e-05	1.0976e-06
6406.9900	3.7366e-05	1.1014e-06
6418.7620	3.7301e-05	1.1004e-06
6430.5340	3.5289e-05	1.0703e-06
6442.3060	3.5841e-05	1.0787e-06
6454.0780	3.6685e-05	1.0913e-06
6465.8500	3.5970e-05	1.0806e-06
6477.6220	3.3698e-05	1.0459e-06
6489.3940	3.3406e-05	1.0414e-06
6501.1660	3.3276e-05	1.0394e-06
6512.9380	3.1133e-05	1.0054e-06
6524.7100	3.2269e-05	1.0235e-06
6536.4820	3.2529e-05	1.0276e-06
6548.2540	3.0257e-05	9.9110e-07
6560.0260	3.0484e-05	9.9481e-07
6571.7980	2.7108e-05	9.3811e-07
6583.5700	2.8958e-05	9.6960e-07
6595.3420	2.7043e-05	9.3698e-07
6607.1140	2.8341e-05	9.5922e-07
6618.8860	2.6945e-05	9.3529e-07
6630.6580	2.5257e-05	9.0552e-07
6642.4300	2.5744e-05	9.1421e-07
6654.2020	2.4186e-05	8.8611e-07
6665.9740	2.5874e-05	9.1651e-07
6677.7460	2.4348e-05	8.8908e-07
6689.5180	2.3991e-05	8.8253e-07
6701.2900	2.5484e-05	9.0959e-07
6713.0620	2.5971e-05	9.1823e-07
6724.8340	2.4997e-05	9.0085e-07
6736.6060	2.6491e-05	9.2737e-07
6748.3780	2.4413e-05	8.9026e-07
6760.1500	2.4933e-05	8.9968e-07
6771.9220	2.5419e-05	9.0843e-07
6783.6940	2.6848e-05	9.3360e-07
6795.4660	2.4251e-05	8.8730e-07
6807.2380	2.5452e-05	9.0901e-07
6819.0100	2.4770e-05	8.9675e-07
6830.7820	2.5744e-05	9.1421e-07
6842.5540	2.5971e-05	9.1823e-07
6854.3260	2.5030e-05	9.0144e-07
6866.0980	2.4770e-05	8.9675e-07
6877.8700	2.4997e-05	9.0085e-07
6889.6420	2.4933e-05	8.9968e-07
6901.4140	2.4575e-05	8.9322e-07
6913.1860	2.3407e-05	8.7172e-07
6924.9580	2.4673e-05	8.9498e-07
6936.7300	2.5809e-05	9.1536e-07
6948.5020	2.3309e-05	8.6990e-07
6960.2740	2.3309e-05	8.6990e-07
6972.0460	2.4381e-05	8.8967e-07
6983.8180	2.3439e-05	8.7232e-07
6995.5900	2.4478e-05	8.9144e-07
7007.3620	2.2920e-05	8.6260e-07
7019.1340	2.3764e-05	8.7834e-07
7030.9060	2.3082e-05	8.6565e-07
7042.6780	2.4478e-05	8.9144e-07
7054.4500	2.3342e-05	8.7051e-07
7066.2220	2.3991e-05	8.8253e-07
7077.9940	2.4121e-05	8.8492e-07
7089.7660	2.3666e-05	8.7654e-07
7101.5380	2.3147e-05	8.6687e-07
7113.3100	2.1978e-05	8.4470e-07
7125.0820	2.4251e-05	8.8730e-07
7136.8540	2.4835e-05	8.9792e-07
7148.6260	2.3342e-05	8.7051e-07
7160.3980	2.3147e-05	8.6687e-07
7172.1700	2.3050e-05	8.6504e-07
7183.9420	2.4348e-05	8.8908e-07
7195.7140	2.3212e-05	8.6808e-07
7207.4860	2.1848e-05	8.4220e-07
7219.2580	2.2660e-05	8.5770e-07
7231.0300	2.3115e-05	8.6626e-07
7242.8020	2.2433e-05	8.5339e-07
7254.5740	2.2108e-05	8.4719e-07
7266.3460	2.2108e-05	8.4719e-07
7278.1180	2.2660e-05	8.5770e-07
7289.8900	2.3634e-05	8.7594e-07
7301.6620	2.2530e-05	8.5524e-07
7313.4340	2.2920e-05	8.6260e-07
7325.2060	2.2628e-05	8.5709e-07
7336.9780	2.5614e-05	9.1190e-07
7348.7500	2.4446e-05	8.9085e-07
7360.5220	2.3115e-05	8.6626e-07
7372.2940	2.3991e-05	8.8253e-07
7384.0660	2.3147e-05	8.6687e-07
7395.8380	2.5484e-05	9.0959e-07
7407.6100	2.5549e-05	9.1074e-07
7419.3820	2.5257e-05	9.0552e-07
7431.1540	2.3861e-05	8.8014e-07
7442.9260	2.4835e-05	8.9792e-07
7454.6980	2.3537e-05	8.7413e-07
7466.4700	2.5127e-05	9.0319e-07
7478.2420	2.3050e-05	8.6504e-07
7490.0140	2.3179e-05	8.6748e-07
7501.7860	2.3731e-05	8.7774e-07
7513.5580	2.3699e-05	8.7714e-07
7525.3300	2.3374e-05	8.7111e-07
7537.1020	2.4608e-05	8.9381e-07
7548.8740	2.3017e-05	8.6443e-07
7560.6460	2.2920e-05	8.6260e-07
7572.4180	2.3439e-05	8.7232e-07
7584.1900	2.2920e-05	8.6260e-07
7595.9620	2.2757e-05	8.5954e-07
7607.7340	2.3861e-05	8.8014e-07
7619.5060	2.4186e-05	8.8611e-07
7631.2780	2.4088e-05	8.8432e-07
7643.0500	2.1751e-05	8.4032e-07
7654.8220	2.2822e-05	8.6077e-07
7666.5940	2.2238e-05	8.4968e-07
7678.3660	2.3731e-05	8.7774e-07
7690.1380	2.2563e-05	8.5586e-07
7701.9100	2.3634e-05	8.7594e-07
7713.6820	2.2628e-05	8.5709e-07
7725.4540	2.2400e-05	8.5277e-07
7737.2260	2.3601e-05	8.7534e-07
7748.9980	2.4446e-05	8.9085e-07
7760.7700	2.3212e-05	8.6808e-07
7772.5420	2.1816e-05	8.4157e-07
7784.3140	2.4543e-05	8.9263e-07
7796.0860	2.3309e-05	8.6990e-07
7807.8580	2.4024e-05	8.8313e-07
7819.6300	2.4283e-05	8.8789e-07
7831.4020	2.2433e-05	8.5339e-07
7843.1740	2.3959e-05	8.8194e-07
7854.9460	2.2822e-05	8.6077e-07
7866.7180	2.3309e-05	8.6990e-07
7878.4900	2.4608e-05	8.9381e-07
7890.2620	2.3439e-05	8.7232e-07
7902.0340	2.4933e-05	8.9968e-07
7913.8060	2.5517e-05	9.1016e-07
7925.5780	2.4738e-05	8.9616e-07
7937.3500	2.7108e-05	9.3811e-07
7949.1220	2.6101e-05	9.2053e-07
7960.8940	2.4835e-05	8.9792e-07
7972.6660	2.7237e-05	9.4035e-07
7984.4380	2.9218e-05	9.7394e-07
7996.2100	2.6815e-05	9.3304e-07
8007.9820	2.7887e-05	9.5149e-07
8019.7540	2.7789e-05	9.4983e-07
8031.5260	2.6783e-05	9.3247e-07
8043.2980	2.6069e-05	9.1995e-07
8055.0700	2.6426e-05	9.2623e-07
8066.8420	2.7854e-05	9.5094e-07
8078.6140	2.6004e-05	9.1881e-07
8090.3860	2.8893e-05	9.6851e-07
8102.1580	2.6426e-05	9.2623e-07
8113.9300	2.6913e-05	9.3473e-07
8125.7020	2.3504e-05	8.7353e-07
8137.4740	2.5582e-05	9.1132e-07
8149.2460	2.5322e-05	9.0668e-07
8161.0180	2.2141e-05	8.4781e-07
8172.7900	2.3439e-05	8.7232e-07
8184.5620	2.2368e-05	8.5215e-07
8196.3340	2.3504e-05	8.7353e-07
8208.1060	2.2433e-05	8.5339e-07
8219.8780	2.3147e-05	8.6687e-07
8231.6500	2.2270e-05	8.5030e-07
8243.4220	2.1978e-05	8.4470e-07
8255.1940	2.3277e-05	8.6930e-07
8266.9660	2.2790e-05	8.6016e-07
8278.7380	2.1816e-05	8.4157e-07
8290.5100	2.3147e-05	8.6687e-07
8302.2820	2.2108e-05	8.4719e-07
8314.0540	2.1426e-05	8.3403e-07
8325.8260	2.2141e-05	8.4781e-07
8337.5980	2.2206e-05	8.4906e-07
8349.3700	2.2498e-05	8.5462e-07
8361.1420	2.2952e-05	8.6321e-07
8372.9140	2.1751e-05	8.4032e-07
8384.6860	2.2270e-05	8.5030e-07
8396.4580	2.3050e-05	8.6504e-07
8408.2300	2.3764e-05	8.7834e-07
8420.0020	2.2660e-05	8.5770e-07
8431.7740	2.3731e-05	8.7774e-07
8443.5460	2.3212e-05	8.6808e-07
8455.3180	2.2660e-05	8.5770e-07
8467.0900	2.4770e-05	8.9675e-07
8478.8620	2.4251e-05	8.8730e-07
8490.6340	2.4510e-05	8.9204e-07
8502.4060	2.5647e-05	9.1248e-07
8514.1780	2.5582e-05	9.1132e-07
8525.9500	2.6069e-05	9.1995e-07
8537.7220	2.6328e-05	9.2453e-07
8549.4940	2.8439e-05	9.6086e-07
8561.2660	2.7270e-05	9.4091e-07
8573.0380	2.7854e-05	9.5094e-07
8584.8100	2.8926e-05	9.6905e-07
8596.5820	2.8828e-05	9.6742e-07
8608.3540	2.9445e-05	9.7772e-07
8620.1260	3.0809e-05	1.0001e-06
8631.8980	3.0679e-05	9.9799e-07
8643.6700	2.9867e-05	9.8470e-07
8655.4420	2.9120e-05	9.7231e-07
8667.2140	2.7530e-05	9.4538e-07
8678.9860	2.8828e-05	9.6742e-07
8690.7580	2.8017e-05	9.5371e-07
8702.5300	2.8114e-05	9.5536e-07
8714.3020	2.7075e-05	9.3754e-07
8726.0740	2.5744e-05	9.1421e-07
8737.8460	2.6458e-05	9.2680e-07
8749.6180	2.3991e-05	8.8253e-07
8761.3900	2.5906e-05	9.1709e-07
8773.1620	2.6166e-05	9.2167e-07
8784.9340	2.4283e-05	8.8789e-07
8796.7060	2.4251e-05	8.8730e-07
8808.4780	2.3277e-05	8.6930e-07
8820.2500	2.3374e-05	8.7111e-07
8832.0220	2.3147e-05	8.6687e-07
8843.7940	2.3472e-05	8.7293e-07
8855.5660	2.2790e-05	8.6016e-07
8867.3380	2.2985e-05	8.6382e-07
8879.1100	2.2822e-05	8.6077e-07
8890.8820	2.1719e-05	8.3969e-07
8902.6540	2.3731e-05	8.7774e-07
8914.4260	2.1719e-05	8.3969e-07
8926.1980	2.2173e-05	8.4843e-07
8937.9700	2.1621e-05	8.3781e-07
8949.7420	2.2206e-05	8.4906e-07
8961.5140	2.2952e-05	8.6321e-07
8973.2860	2.0550e-05	8.1679e-07
8985.0580	2.2530e-05	8.5524e-07
8996.8300	2.1946e-05	8.4408e-07
9008.6020	2.3569e-05	8.7474e-07
9020.3740	2.1881e-05	8.4283e-07
9032.1460	2.1264e-05	8.3086e-07
9043.9180	2.2043e-05	8.4595e-07
9055.6900	2.0550e-05	8.1679e-07
9067.4620	2.2368e-05	8.5215e-07
9079.2340	2.1329e-05	8.3213e-07
9091.0060	1.9706e-05	7.9984e-07
9102.7780	2.2011e-05	8.4532e-07
9114.5500	2.1589e-05	8.3718e-07
9126.3220	2.1978e-05	8.4470e-07
9138.0940	2.2855e-05	8.6138e-07
9149.8660	2.1426e-05	8.3403e-07
9161.6380	2.2400e-05	8.5277e-07
9173.4100	2.1491e-05	8.3529e-07
9185.1820	2.1686e-05	8.3907e-07
9196.9540	2.1913e-05	8.4345e-07
9208.7260	2.2660e-05	8.5770e-07
9220.4980	2.2855e-05	8.6138e-07
9232.2700	2.1848e-05	8.4220e-07
9244.0420	2.1719e-05	8.3969e-07
9255.8140	2.2043e-05	8.4595e-07
9267.5860	2.3082e-05	8.6565e-07
9279.3580	2.0030e-05	8.0640e-07
9291.1300	2.3374e-05	8.7111e-07
9302.9020	2.2660e-05	8.5770e-07
9314.6740	2.2433e-05	8.5339e-07
9326.4460	2.2108e-05	8.4719e-07
9338.2180	2.1848e-05	8.4220e-07
9349.9900	2.1946e-05	8.4408e-07
9361.7620	2.2335e-05	8.5153e-07
9373.5340	2.1426e-05	8.3403e-07
9385.3060	2.1783e-05	8.4095e-07
9397.0780	2.3050e-05	8.6504e-07
9408.8500	2.1621e-05	8.3781e-07
9420.6220	2.2498e-05	8.5462e-07
9432.3940	2.1199e-05	8.2959e-07
9444.1660	2.2660e-05	8.5770e-07
9455.9380	2.3634e-05	8.7594e-07
9467.7100	2.3179e-05	8.6748e-07
9479.4820	2.2790e-05	8.6016e-07
9491.2540	2.4965e-05	9.0027e-07
9503.0260	2.4803e-05	8.9734e-07
9514.7980	2.4088e-05	8.8432e-07
9526.5700	2.2595e-05	8.5647e-07
9538.3420	2.3342e-05	8.7051e-07
9550.1140	2.3439e-05	8.7232e-07
9561.8860	2.5062e-05	9.0202e-07
9573.6580	2.4316e-05	8.8848e-07
9585.4300	2.2465e-05	8.5401e-07
9597.2020	2.4283e-05	8.8789e-07
9608.9740	2.3115e-05	8.6626e-07
9620.7460	2.3894e-05	8.8074e-07
9632.5180	2.4543e-05	8.9263e-07
9644.2900	2.5582e-05	9.1132e-07
9656.0620	2.5355e-05	9.0726e-07
9667.8340	2.2985e-05	8.6382e-07
9679.6060	2.4251e-05	8.8730e-07
9691.3780	2.2920e-05	8.6260e-07
9703.1500	2.3796e-05	8.7894e-07
9714.9220	2.4770e-05	8.9675e-07
9726.6940	2.4673e-05	8.9498e-07
9738.4660	2.3212e-05	8.6808e-07
9750.2380	2.4705e-05	8.9557e-07
9762.0100	2.2692e-05	8.5832e-07
9773.7820	2.4348e-05	8.8908e-07
9785.5540	2.3439e-05	8.7232e-07
9797.3260	2.1264e-05	8.3086e-07
9809.0980	2.2563e-05	8.5586e-07
9820.8700	2.1134e-05	8.2832e-07
9832.6420	2.3277e-05	8.6930e-07
9844.4140	2.2173e-05	8.4843e-07
9856.1860	2.2563e-05	8.5586e-07
9867.9580	2.2822e-05	8.6077e-07
9879.7300	2.1621e-05	8.3781e-07
9891.5020	2.2400e-05	8.5277e-07
9903.2740	2.2108e-05	8.4719e-07
9915.0460	2.2660e-05	8.5770e-07
9926.8180	2.3342e-05	8.7051e-07
9938.5900	2.0550e-05	8.1679e-07
9950.3620	2.1459e-05	8.3466e-07
9962.1340	2.0745e-05	8.2065e-07
9973.9060	2.1426e-05	8.3403e-07
9985.6780	2.2173e-05	8.4843e-07
9997.4500	2.0647e-05	8.1872e-07
10009.2220	2.2043e-05	8.4595e-07
10020.9940	2.2530e-05	8.5524e-07
10032.7660	2.1394e-05	8.3339e-07
10044.5380	2.3374e-05	8.7111e-07
10056.3100	2.1719e-05	8.3969e-07
10068.0820	2.1816e-05	8.4157e-07
10079.8540	2.0810e-05	8.2193e-07
10091.6260	2.2595e-05	8.5647e-07
10103.3980	2.2173e-05	8.4843e-07
10115.1700	2.1589e-05	8.3718e-07
10126.9420	2.1232e-05	8.3023e-07
10138.7140	2.4283e-05	8.8789e-07
10150.4860	2.1524e-05	8.3592e-07
10162.2580	2.1524e-05	8.3592e-07
10174.0300	2.0842e-05	8.2257e-07
10185.8020	2.1848e-05	8.4220e-07
10197.5740	2.1069e-05	8.2705e-07
10209.3460	2.2173e-05	8.4843e-07
10221.1180	2.1491e-05	8.3529e-07
10232.8900	1.9543e-05	7.9654e-07
10244.6620	2.2368e-05	8.5215e-07
10256.4340	2.1199e-05	8.2959e-07
10268.2060	2.1686e-05	8.3907e-07
10279.9780	2.3829e-05	8.7954e-07
10291.7500	2.1232e-05	8.3023e-07
10303.5220	2.1329e-05	8.3213e-07
10315.2940	2.0939e-05	8.2449e-07
10327.0660	2.1654e-05	8.3844e-07
10338.8380	2.1556e-05	8.3655e-07
10350.6100	2.0680e-05	8.1937e-07
10362.3820	2.0615e-05	8.1808e-07
10374.1540	2.2400e-05	8.5277e-07
10385.9260	2.1816e-05	8.4157e-07
10397.6980	2.2206e-05	8.4906e-07
10409.4700	2.2043e-05	8.4595e-07
10421.2420	2.1524e-05	8.3592e-07
10433.0140	2.2270e-05	8.5030e-07
10444.7860	2.2433e-05	8.5339e-07
10456.5580	2.1848e-05	8.4220e-07
10468.3300	2.3374e-05	8.7111e-07
10480.1020	2.1783e-05	8.4095e-07
10491.8740	2.2692e-05	8.5832e-07
10503.6460	2.1556e-05	8.3655e-07
10515.4180	2.2692e-05	8.5832e-07
10527.1900	2.2952e-05	8.6321e-07
10538.9620	2.1654e-05	8.3844e-07
10550.7340	2.2368e-05	8.5215e-07
10562.5060	2.1524e-05	8.3592e-07
10574.2780	2.2206e-05	8.4906e-07
10586.0500	2.3244e-05	8.6869e-07
10597.8220	2.1783e-05	8.4095e-07
10609.5940	2.2855e-05	8.6138e-07
10621.3660	2.2628e-05	8.5709e-07
10633.1380	2.3244e-05	8.6869e-07
10644.9100	2.2725e-05	8.5893e-07
10656.6820	2.3861e-05	8.8014e-07
10668.4540	2.1361e-05	8.3276e-07
10680.2260	2.1134e-05	8.2832e-07
10691.9980	2.0972e-05	8.2513e-07
10703.7700	2.1134e-05	8.2832e-07
10715.5420	2.2368e-05	8.5215e-07
10727.3140	2.3147e-05	8.6687e-07
10739.0860	2.1199e-05	8.2959e-07
10750.8580	2.1978e-05	8.4470e-07
10762.6300	2.2076e-05	8.4657e-07
10774.4020	2.1167e-05	8.2896e-07
10786.1740	2.0258e-05	8.1096e-07
10797.9460	2.1913e-05	8.4345e-07
10809.7180	2.3439e-05	8.7232e-07
10821.4900	2.1556e-05	8.3655e-07
10833.2620	2.1491e-05	8.3529e-07
10845.0340	2.3147e-05	8.6687e-07
10856.8060	1.9738e-05	8.0050e-07
10868.5780	2.2076e-05	8.4657e-07
10880.3500	2.1134e-05	8.2832e-07
10892.1220	2.0745e-05	8.2065e-07
10903.8940	2.1459e-05	8.3466e-07
10915.6660	2.0842e-05	8.2257e-07
10927.4380	2.2011e-05	8.4532e-07
10939.2100	1.9998e-05	8.0575e-07
10950.9820	2.2660e-05	8.5770e-07
10962.7540	2.2660e-05	8.5770e-07
10974.5260	2.3017e-05	8.6443e-07
10986.2980	2.1783e-05	8.4095e-07
10998.0700	2.1978e-05	8.4470e-07
11009.8420	2.2173e-05	8.4843e-07
11021.6140	2.2011e-05	8.4532e-07
11033.3860	2.2108e-05	8.4719e-07
11045.1580	2.2887e-05	8.6199e-07
11056.9300	2.3342e-05	8.7051e-07
11068.7020	2.2887e-05	8.6199e-07
11080.4740	2.1069e-05	8.2705e-07
11092.2460	2.2400e-05	8.5277e-07
11104.0180	2.2270e-05	8.5030e-07
11115.7900	2.2335e-05	8.5153e-07
11127.5620	2.2335e-05	8.5153e-07
11139.3340	2.1848e-05	8.4220e-07
11151.1060	2.1654e-05	8.3844e-07
11162.8780	2.4316e-05	8.8848e-07
11174.6500	2.2465e-05	8.5401e-07
11186.4220	2.2433e-05	8.5339e-07
11198.1940	2.2238e-05	8.4968e-07
11209.9660	2.1783e-05	8.4095e-07
11221.7380	2.2985e-05	8.6382e-07
11233.5100	2.0712e-05	8.2001e-07
11245.2820	2.1848e-05	8.4220e-07
11257.0540	2.1816e-05	8.4157e-07
11268.8260	2.3309e-05	8.6990e-07
11280.5980	2.5030e-05	9.0144e-07
11292.3700	2.3504e-05	8.7353e-07
11304.1420	2.3991e-05	8.8253e-07
11315.9140	2.3244e-05	8.6869e-07
11327.6860	2.3147e-05	8.6687e-07
11339.4580	2.1134e-05	8.2832e-07
11351.2300	2.1978e-05	8.4470e-07
11363.0020	2.1297e-05	8.3150e-07
11374.7740	2.2757e-05	8.5954e-07
11386.5460	2.5322e-05	9.0668e-07
11398.3180	2.1654e-05	8.3844e-07
11410.0900	2.2725e-05	8.5893e-07
11421.8620	2.1848e-05	8.4220e-07
11433.6340	2.1491e-05	8.3529e-07
11445.4060	2.3115e-05	8.6626e-07
11457.1780	2.2660e-05	8.5770e-07
11468.9500	2.2660e-05	8.5770e-07
11480.7220	2.2757e-05	8.5954e-07
11492.4940	2.2628e-05	8.5709e-07
11504.2660	2.3666e-05	8.7654e-07
11516.0380	2.1848e-05	8.4220e-07
11527.8100	2.2757e-05	8.5954e-07
11539.5820	2.2887e-05	8.6199e-07
11551.3540	2.3212e-05	8.6808e-07
11563.1260	2.3115e-05	8.6626e-07
11574.8980	2.3699e-05	8.7714e-07
11586.6700	2.1848e-05	8.4220e-07
11598.4420	2.3050e-05	8.6504e-07
11610.2140	2.4446e-05	8.9085e-07
11621.9860	2.2303e-05	8.5092e-07
11633.7580	2.2822e-05	8.6077e-07
11645.5300	2.3666e-05	8.7654e-07
11657.3020	2.0420e-05	8.1420e-07
11669.0740	2.3374e-05	8.7111e-07
11680.8460	2.2595e-05	8.5647e-07
11692.6180	2.3569e-05	8.7474e-07
11704.3900	2.2368e-05	8.5215e-07
11716.1620	2.3537e-05	8.7413e-07
11727.9340	2.3537e-05	8.7413e-07
11739.7060	2.3147e-05	8.6687e-07
11751.4780	2.1751e-05	8.4032e-07
11763.2500	2.2465e-05	8.5401e-07
11775.0220	2.4640e-05	8.9440e-07
11786.7940	2.0842e-05	8.2257e-07
11798.5660	2.1426e-05	8.3403e-07
11810.3380	2.1719e-05	8.3969e-07
11822.1100	2.2043e-05	8.4595e-07
11833.8820	2.2433e-05	8.5339e-07
11845.6540	2.4640e-05	8.9440e-07
11857.4260	2.3699e-05	8.7714e-07
11869.1980	2.3796e-05	8.7894e-07
11880.9700	2.3634e-05	8.7594e-07
11892.7420	2.3504e-05	8.7353e-07
11904.5140	2.1264e-05	8.3086e-07
11916.2860	2.3374e-05	8.7111e-07
11928.0580	2.2303e-05	8.5092e-07
11939.8300	2.2725e-05	8.5893e-07
11951.6020	2.2563e-05	8.5586e-07
11963.3740	2.1167e-05	8.2896e-07
11975.1460	2.1816e-05	8.4157e-07
11986.9180	2.4088e-05	8.8432e-07
11998.6900	2.3634e-05	8.7594e-07
12010.4620	2.3115e-05	8.6626e-07
12022.2340	2.2141e-05	8.4781e-07
12034.0060	2.2920e-05	8.6260e-07
12045.7780	2.2628e-05	8.5709e-07
12057.5500	2.1556e-05	8.3655e-07
12069.3220	2.0712e-05	8.2001e-07
12081.0940	2.3050e-05	8.6504e-07
12092.8660	2.2822e-05	8.6077e-07
12104.6380	2.3991e-05	8.8253e-07
12116.4100	2.2141e-05	8.4781e-07
12128.1820	2.3439e-05	8.7232e-07
12139.9540	2.1524e-05	8.3592e-07
12151.7260	2.2692e-05	8.5832e-07
12163.4980	2.2303e-05	8.5092e-07
12175.2700	2.3115e-05	8.6626e-07
12187.0420	2.3504e-05	8.7353e-07
12198.8140	2.1978e-05	8.4470e-07
12210.5860	2.2692e-05	8.5832e-07
12222.3580	2.2757e-05	8.5954e-07
12234.1300	2.1394e-05	8.3339e-07
12245.9020	2.3601e-05	8.7534e-07
12257.6740	2.2952e-05	8.6321e-07
12269.4460	2.3212e-05	8.6808e-07
12281.2180	2.2173e-05	8.4843e-07
12292.9900	2.2855e-05	8.6138e-07
12304.7620	2.3407e-05	8.7172e-07
12316.5340	2.3082e-05	8.6565e-07
12328.3060	2.2920e-05	8.6260e-07
12340.0780	2.2790e-05	8.6016e-07
12351.8500	2.3472e-05	8.7293e-07
12363.6220	2.2433e-05	8.5339e-07
12375.3940	2.3017e-05	8.6443e-07
12387.1660	2.4283e-05	8.8789e-07
12398.9380	2.2173e-05	8.4843e-07
12410.7100	2.3309e-05	8.6990e-07
12422.4820	2.2173e-05	8.4843e-07
12434.2540	2.1556e-05	8.3655e-07
12446.0260	2.3244e-05	8.6869e-07
12457.7980	2.3796e-05	8.7894e-07
12469.5700	2.3374e-05	8.7111e-07
12481.3420	2.3699e-05	8.7714e-07
12493.1140	2.4024e-05	8.8313e-07
12504.8860	2.3537e-05	8.7413e-07
12516.6580	2.3699e-05	8.7714e-07
12528.4300	2.4381e-05	8.8967e-07
12540.2020	2.4835e-05	8.9792e-07
12551.9740	2.5095e-05	9.0261e-07
12563.7460	2.3666e-05	8.7654e-07
12575.5180	2.4770e-05	8.9675e-07
12587.2900	2.5095e-05	9.0261e-07
12599.0620	2.4835e-05	8.9792e-07
12610.8340	2.3861e-05	8.8014e-07
12622.6060	2.2822e-05	8.6077e-07
12634.3780	2.3374e-05	8.7111e-07
12646.1500	2.2822e-05	8.6077e-07
12657.9220	2.3991e-05	8.8253e-07
12669.6940	2.7497e-05	9.4482e-07
12681.4660	2.4640e-05	8.9440e-07
12693.2380	2.5257e-05	9.0552e-07
12705.0100	2.4510e-05	8.9204e-07
12716.7820	2.5582e-05	9.1132e-07
12728.5540	2.5484e-05	9.0959e-07
12740.3260	2.5549e-05	9.1074e-07
12752.0980	2.5160e-05	9.0377e-07
12763.8700	2.4251e-05	8.8730e-07
12775.6420	2.4868e-05	8.9851e-07
12787.4140	2.5192e-05	9.0436e-07
12799.1860	2.4056e-05	8.8373e-07
12810.9580	2.5225e-05	9.0494e-07
12822.7300	2.5322e-05	9.0668e-07
12834.5020	2.4446e-05	8.9085e-07
12846.2740	2.3764e-05	8.7834e-07
12858.0460	2.4283e-05	8.8789e-07
12869.8180	2.5387e-05	9.0785e-07
12881.5900	2.4186e-05	8.8611e-07
12893.3620	2.4186e-05	8.8611e-07
12905.1340	2.4088e-05	8.8432e-07
12916.9060	2.4381e-05	8.8967e-07
12928.6780	2.3374e-05	8.7111e-07
12940.4500	2.3569e-05	8.7474e-07
12952.2220	2.5257e-05	9.0552e-07
12963.9940	2.4218e-05	8.8670e-07
12975.7660	2.4121e-05	8.8492e-07
12987.5380	2.3082e-05	8.6565e-07
12999.3100	2.5290e-05	9.0610e-07
13011.0820	2.4478e-05	8.9144e-07
13022.8540	2.2952e-05	8.6321e-07
13034.6260	2.7010e-05	9.3642e-07
13046.3980	2.5062e-05	9.0202e-07
13058.1700	2.4218e-05	8.8670e-07
13069.9420	2.4510e-05	8.9204e-07
13081.7140	2.5225e-05	9.0494e-07
13093.4860	2.4024e-05	8.8313e-07
13105.2580	2.4478e-05	8.9144e-07
13117.0300	2.5744e-05	9.1421e-07
13128.8020	2.3082e-05	8.6565e-07
13140.5740	2.3472e-05	8.7293e-07
13152.3460	2.5355e-05	9.0726e-07
13164.1180	2.4640e-05	8.9440e-07
13175.8900	2.3959e-05	8.8194e-07
13187.6620	2.3926e-05	8.8134e-07
13199.4340	2.4997e-05	9.0085e-07
13211.2060	2.4316e-05	8.8848e-07
13222.9780	2.4900e-05	8.9910e-07
13234.7500	2.4218e-05	8.8670e-07
13246.5220	2.6101e-05	9.2053e-07
13258.2940	2.4381e-05	8.8967e-07
13270.0660	2.5355e-05	9.0726e-07
13281.8380	2.4478e-05	8.9144e-07
13293.6100	2.4640e-05	8.9440e-07
13305.3820	2.4738e-05	8.9616e-07
13317.1540	2.4413e-05	8.9026e-07
13328.9260	2.4900e-05	8.9910e-07
13340.6980	2.3374e-05	8.7111e-07
13352.4700	2.4218e-05	8.8670e-07
13364.2420	2.4478e-05	8.9144e-07
13376.0140	2.6101e-05	9.2053e-07
13387.7860	2.5777e-05	9.1478e-07
13399.5580	2.4575e-05	8.9322e-07
13411.3300	2.5484e-05	9.0959e-07
13423.1020	2.6815e-05	9.3304e-07
13434.8740	2.5387e-05	9.0785e-07
13446.6460	2.5679e-05	9.1305e-07
13458.4180	2.5160e-05	9.0377e-07
13470.1900	2.3472e-05	8.7293e-07
13481.9620	2.5549e-05	9.1074e-07
13493.7340	2.5939e-05	9.1766e-07
13505.5060	2.6004e-05	9.1881e-07
13517.2780	2.6101e-05	9.2053e-07
13529.0500	2.5419e-05	9.0843e-07
13540.8220	2.4965e-05	9.0027e-07
13552.5940	2.6264e-05	9.2339e-07
13564.3660	2.5647e-05	9.1248e-07
13576.1380	2.5030e-05	9.0144e-07
13587.9100	2.6036e-05	9.1938e-07
13599.6820	2.5030e-05	9.0144e-07
13611.4540	2.5322e-05	9.0668e-07
13623.2260	2.5257e-05	9.0552e-07
13634.9980	2.5549e-05	9.1074e-07
13646.7700	2.5809e-05	9.1536e-07
13658.5420	2.4121e-05	8.8492e-07
13670.3140	2.4673e-05	8.9498e-07
13682.0860	2.5322e-05	9.0668e-07
13693.8580	2.5127e-05	9.0319e-07
13705.6300	2.6004e-05	9.1881e-07
13717.4020	2.5679e-05	9.1305e-07
13729.1740	2.7140e-05	9.3867e-07
13740.9460	2.4900e-05	8.9910e-07
13752.7180	2.5582e-05	9.1132e-07
13764.4900	2.4868e-05	8.9851e-07
13776.2620	2.6913e-05	9.3473e-07
13788.0340	2.7724e-05	9.4872e-07
13799.8060	2.7335e-05	9.4203e-07
13811.5780	2.6588e-05	9.2907e-07
13823.3500	2.5257e-05	9.0552e-07
13835.1220	2.6264e-05	9.2339e-07
13846.8940	2.5549e-05	9.1074e-07
13858.6660	2.7432e-05	9.4371e-07
13870.4380	2.6426e-05	9.2623e-07
13882.2100	2.5647e-05	9.1248e-07
13893.9820	2.5549e-05	9.1074e-07
13905.7540	2.5387e-05	9.0785e-07
13917.5260	2.5355e-05	9.0726e-07
13929.2980	2.6069e-05	9.1995e-07
13941.0700	2.4673e-05	8.9498e-07
13952.8420	2.7400e-05	9.4315e-07
13964.6140	2.7854e-05	9.5094e-07
13976.3860	2.4835e-05	8.9792e-07
13988.1580	2.6621e-05	9.2964e-07
13999.9300	2.8439e-05	9.6086e-07
14011.7020	2.5971e-05	9.1823e-07
14023.4740	2.6523e-05	9.2794e-07
14035.2460	2.8082e-05	9.5481e-07
14047.0180	2.8114e-05	9.5536e-07
14058.7900	2.6751e-05	9.3191e-07
14070.5620	2.6621e-05	9.2964e-07
14082.3340	2.7237e-05	9.4035e-07
14094.1060	2.7043e-05	9.3698e-07
14105.8780	2.7205e-05	9.3979e-07
14117.6500	2.6328e-05	9.2453e-07
14129.4220	2.7335e-05	9.4203e-07
14141.1940	2.7822e-05	9.5038e-07
14152.9660	2.6718e-05	9.3134e-07
14164.7380	2.7140e-05	9.3867e-07
14176.5100	2.8731e-05	9.6579e-07
14188.2820	2.7465e-05	9.4427e-07
14200.0540	2.6815e-05	9.3304e-07
14211.8260	2.6913e-05	9.3473e-07
14223.5980	2.7562e-05	9.4594e-07
14235.3700	2.7919e-05	9.5205e-07
14247.1420	2.7627e-05	9.4705e-07
14258.9140	2.8179e-05	9.5646e-07
14270.6860	2.6913e-05	9.3473e-07
14282.4580	2.8244e-05	9.5757e-07
14294.2300	2.7270e-05	9.4091e-07
14306.0020	2.9607e-05	9.8041e-07
14317.7740	2.9055e-05	9.7123e-07
14329.5460	2.7919e-05	9.5205e-07
14341.3180	2.8179e-05	9.5646e-07
14353.0900	2.8926e-05	9.6905e-07
14364.8620	2.9380e-05	9.7664e-07
14376.6340	2.8633e-05	9.6415e-07
14388.4060	2.8666e-05	9.6469e-07
14400.1780	2.8698e-05	9.6524e-07
14411.9500	2.7562e-05	9.4594e-07
14423.7220	2.7724e-05	9.4872e-07
14435.4940	2.7692e-05	9.4816e-07
14447.2660	2.9900e-05	9.8523e-07
14459.0380	2.6945e-05	9.3529e-07
14470.8100	2.8471e-05	9.6141e-07
14482.5820	2.8211e-05	9.5702e-07
14494.3540	2.8569e-05	9.6305e-07
14506.1260	2.8082e-05	9.5481e-07
14517.8980	3.0646e-05	9.9746e-07
14529.6700	2.8374e-05	9.5976e-07
14541.4420	2.8958e-05	9.6960e-07
14553.2140	3.1718e-05	1.0147e-06
14564.9860	2.7757e-05	9.4927e-07
14576.7580	2.9575e-05	9.7987e-07
14588.5300	2.9283e-05	9.7502e-07
14600.3020	2.9640e-05	9.8094e-07
14612.0740	2.8698e-05	9.6524e-07
14623.8460	2.9445e-05	9.7772e-07
14635.6180	2.9120e-05	9.7231e-07
14647.3900	2.8796e-05	9.6688e-07
14659.1620	3.1133e-05	1.0054e-06
14670.9340	2.9218e-05	9.7394e-07
14682.7060	3.0062e-05	9.8790e-07
14694.4780	2.9315e-05	9.7556e-07
14706.2500	2.9348e-05	9.7610e-07
14718.0220	2.9055e-05	9.7123e-07
14729.7940	3.2627e-05	1.0292e-06
14741.5660	2.8796e-05	9.6688e-07
14753.3380	2.9478e-05	9.7826e-07
14765.1100	2.9607e-05	9.8041e-07
14776.8820	3.0841e-05	1.0006e-06
14788.6540	3.2172e-05	1.0220e-06
14800.4260	3.0906e-05	1.0017e-06
14812.1980	3.0614e-05	9.9693e-07
14823.9700	3.2010e-05	1.0194e-06
14835.7420	3.1912e-05	1.0179e-06
14847.5140	3.2205e-05	1.0225e-06
14859.2860	3.1782e-05	1.0158e-06
14871.0580	3.2432e-05	1.0261e-06
14882.8300	3.1847e-05	1.0168e-06
14894.6020	3.1068e-05	1.0043e-06
14906.3740	3.1393e-05	1.0095e-06
14918.1460	3.2367e-05	1.0251e-06
14929.9180	3.0938e-05	1.0022e-06
14941.6900	3.0224e-05	9.9057e-07
14953.4620	3.2919e-05	1.0338e-06
14965.2340	3.2562e-05	1.0282e-06
14977.0060	3.2302e-05	1.0240e-06
14988.7780	2.9510e-05	9.7879e-07
15000.5500	3.1166e-05	1.0059e-06
15012.3220	3.2951e-05	1.0343e-06
15024.0940	3.4185e-05	1.0535e-06
15035.8660	3.2302e-05	1.0240e-06
15047.6380	3.2205e-05	1.0225e-06
15059.4100	3.2659e-05	1.0297e-06
15071.1820	3.3276e-05	1.0394e-06
15082.9540	3.3373e-05	1.0409e-06
15094.7260	3.2659e-05	1.0297e-06
15106.4980	3.3763e-05	1.0470e-06
15118.2700	3.4769e-05	1.0624e-06
15130.0420	3.5613e-05	1.0753e-06
15141.8140	3.6133e-05	1.0831e-06
15153.5860	3.4607e-05	1.0600e-06
15165.3580	3.6100e-05	1.0826e-06
15177.1300	3.3243e-05	1.0389e-06
15188.9020	3.2529e-05	1.0276e-06
15200.6740	3.3211e-05	1.0384e-06
15212.4460	3.5711e-05	1.0767e-06
15224.2180	3.4769e-05	1.0624e-06
15235.9900	3.5159e-05	1.0684e-06
15247.7620	3.3958e-05	1.0500e-06
15259.5340	3.5938e-05	1.0801e-06
15271.3060	3.3958e-05	1.0500e-06
15283.0780	3.3114e-05	1.0368e-06
15294.8500	3.5094e-05	1.0674e-06
15306.6220	3.4964e-05	1.0654e-06
15318.3940	3.5289e-05	1.0703e-06
15330.1660	3.7009e-05	1.0961e-06
15341.9380	3.6522e-05	1.0889e-06
15353.7100	3.7074e-05	1.0971e-06
15365.4820	3.6522e-05	1.0889e-06
15377.2540	3.6879e-05	1.0942e-06
15389.0260	3.6230e-05	1.0845e-06
15400.7980	3.6165e-05	1.0836e-06
15412.5700	3.5483e-05	1.0733e-06
15424.3420	3.8016e-05	1.1109e-06
15436.1140	3.7626e-05	1.1052e-06
15447.8860	3.7723e-05	1.1067e-06
15459.6580	3.7496e-05	1.1033e-06
15471.4300	3.6490e-05	1.0884e-06
15483.2020	3.9931e-05	1.1386e-06
15494.9740	4.0158e-05	1.1418e-06
15506.7460	3.7983e-05	1.1105e-06
15518.5180	3.9054e-05	1.1260e-06
15530.2900	3.8827e-05	1.1227e-06
15542.0620	3.9152e-05	1.1274e-06
15553.8340	3.9477e-05	1.1321e-06
15565.6060	4.0418e-05	1.1455e-06
15577.3780	4.2009e-05	1.1678e-06
15589.1500	4.0256e-05	1.1432e-06
15600.9220	4.0061e-05	1.1404e-06
15612.6940	4.2171e-05	1.1701e-06
15624.4660	4.0775e-05	1.1506e-06
15636.2380	4.2333e-05	1.1723e-06
15648.0100	3.9184e-05	1.1279e-06
15659.7820	4.1262e-05	1.1574e-06
15671.5540	4.3372e-05	1.1866e-06
15683.3260	4.5320e-05	1.2130e-06
15695.0980	4.2983e-05	1.1813e-06
15706.8700	4.1846e-05	1.1656e-06
15718.6420	4.3437e-05	1.1875e-06
15730.4140	4.6586e-05	1.2298e-06
15742.1860	4.2236e-05	1.1710e-06
15753.9580	4.5385e-05	1.2138e-06
15765.7300	4.4995e-05	1.2086e-06
15777.5020	4.5028e-05	1.2091e-06
15789.2740	4.6456e-05	1.2281e-06
15801.0460	4.4021e-05	1.1955e-06
15812.8180	4.6911e-05	1.2341e-06
15824.5900	4.7300e-05	1.2392e-06
15836.3620	4.9118e-05	1.2628e-06
15848.1340	4.8242e-05	1.2515e-06
15859.9060	4.7852e-05	1.2464e-06
15871.6780	4.7722e-05	1.2447e-06
15883.4500	4.7787e-05	1.2456e-06
15895.2220	4.7171e-05	1.2375e-06
15906.9940	5.1261e-05	1.2900e-06
15918.7660	4.9021e-05	1.2615e-06
15930.5380	4.8437e-05	1.2540e-06
15942.3100	4.8664e-05	1.2569e-06
15954.0820	5.0125e-05	1.2757e-06
15965.8540	5.0677e-05	1.2827e-06
15977.6260	4.9768e-05	1.2711e-06
15989.3980	5.1391e-05	1.2917e-06
16001.1700	5.2235e-05	1.3022e-06
16012.9420	5.3501e-05	1.3179e-06
16024.7140	5.2982e-05	1.3115e-06
16036.4860	5.5189e-05	1.3386e-06
16048.2580	5.3176e-05	1.3139e-06
16060.0300	5.2073e-05	1.3002e-06
16071.8020	5.3631e-05	1.3195e-06
16083.5740	5.3176e-05	1.3139e-06
16095.3460	5.4280e-05	1.3275e-06
16107.1180	5.5092e-05	1.3374e-06
16118.8900	5.8890e-05	1.3827e-06
16130.6620	5.7332e-05	1.3643e-06
16142.4340	5.8208e-05	1.3747e-06
16154.2060	5.8143e-05	1.3739e-06
16165.9780	5.9312e-05	1.3877e-06
16177.7500	5.7137e-05	1.3620e-06
16189.5220	5.8825e-05	1.3819e-06
16201.2940	6.1098e-05	1.4084e-06
16213.0660	6.0091e-05	1.3967e-06
16224.8380	6.0903e-05	1.4061e-06
16236.6100	6.3110e-05	1.4314e-06
16248.3820	6.4961e-05	1.4522e-06
16260.1540	6.2104e-05	1.4199e-06
16271.9260	6.6876e-05	1.4735e-06
16283.6980	6.1844e-05	1.4170e-06
16295.4700	6.5123e-05	1.4541e-06
16307.2420	6.4279e-05	1.4446e-06
16319.0140	6.7104e-05	1.4760e-06
16330.7860	6.7396e-05	1.4792e-06
16342.5580	7.0058e-05	1.5081e-06
16354.3300	7.0740e-05	1.5155e-06
16366.1020	6.7591e-05	1.4813e-06
16377.8740	6.9441e-05	1.5015e-06
16389.6460	7.1649e-05	1.5252e-06
16401.4180	6.8759e-05	1.4941e-06
16413.1900	7.3174e-05	1.5413e-06
16424.9620	7.5772e-05	1.5684e-06
16436.7340	7.4700e-05	1.5573e-06
16448.5060	7.6940e-05	1.5805e-06
16460.2780	7.6973e-05	1.5808e-06
16472.0500	7.6973e-05	1.5808e-06
16483.8220	8.0024e-05	1.6118e-06
16495.5940	7.9278e-05	1.6043e-06
16507.3660	8.4959e-05	1.6608e-06
16519.1380	8.1745e-05	1.6291e-06
16530.9100	7.9375e-05	1.6053e-06
16542.6820	8.2037e-05	1.6320e-06
16554.4540	8.2751e-05	1.6391e-06
16566.2260	8.3920e-05	1.6506e-06
16577.9980	8.7361e-05	1.6841e-06
16589.7700	8.9569e-05	1.7053e-06
16601.5420	8.6907e-05	1.6797e-06
16613.3140	9.3497e-05	1.7423e-06
16625.0860	9.0932e-05	1.7182e-06
16636.8580	9.3140e-05	1.7389e-06
16648.6300	9.3010e-05	1.7377e-06
16660.4020	9.3562e-05	1.7429e-06
16672.1740	9.7295e-05	1.7773e-06
16683.9460	9.7815e-05	1.7820e-06
16695.7180	9.8464e-05	1.7879e-06
16707.4900	9.9178e-05	1.7944e-06
16719.2620	1.0255e-04	1.8247e-06
16731.0340	1.0535e-04	1.8494e-06
16742.8060	1.0515e-04	1.8477e-06
16754.5780	1.0440e-04	1.8411e-06
16766.3500	1.0677e-04	1.8619e-06
16778.1220	1.1125e-04	1.9005e-06
16789.8940	1.1762e-04	1.9541e-06
16801.6660	1.1203e-04	1.9072e-06
16813.4380	1.1541e-04	1.9357e-06
16825.2100	1.1444e-04	1.9275e-06
16836.9820	1.1856e-04	1.9619e-06
16848.7540	1.1697e-04	1.9487e-06
16860.5260	1.2034e-04	1.9767e-06
16872.2980	1.2541e-04	2.0178e-06
16884.0700	1.2369e-04	2.0039e-06
16895.8420	1.2950e-04	2.0505e-06
16907.6140	1.2875e-04	2.0446e-06
16919.3860	1.3129e-04	2.0646e-06
16931.1580	1.3482e-04	2.0922e-06
16942.9300	1.3486e-04	2.0925e-06
16954.7020	1.3557e-04	2.0980e-06
16966.4740	1.4297e-04	2.1545e-06
16978.2460	1.4447e-04	2.1657e-06
16990.0180	1.4226e-04	2.1491e-06
17001.7900	1.4654e-04	2.1813e-06
17013.5620	1.4512e-04	2.1706e-06
17025.3340	1.4817e-04	2.1933e-06
17037.1060	1.5132e-04	2.2165e-06
17048.8780	1.5781e-04	2.2635e-06
17060.6500	1.6086e-04	2.2853e-06
17072.4220	1.6041e-04	2.2821e-06
17084.1940	1.6073e-04	2.2844e-06
17095.9660	1.6911e-04	2.3432e-06
17107.7380	1.7057e-04	2.3533e-06
17119.5100	1.7138e-04	2.3589e-06
17131.2820	1.7459e-04	2.3809e-06
17143.0540	1.7576e-04	2.3888e-06
17154.8260	1.8300e-04	2.4376e-06
17166.5980	1.8346e-04	2.4406e-06
17178.3700	1.8738e-04	2.4666e-06
17190.1420	1.9258e-04	2.5005e-06
17201.9140	1.9696e-04	2.5288e-06
17213.6860	2.0293e-04	2.5669e-06
17225.4580	2.1111e-04	2.6181e-06
17237.2300	2.1634e-04	2.6503e-06
17249.0020	2.1397e-04	2.6358e-06
17260.7740	2.2199e-04	2.6847e-06
17272.5460	2.2702e-04	2.7150e-06
17284.3180	2.3004e-04	2.7330e-06
17296.0900	2.3137e-04	2.7409e-06
17307.8620	2.3757e-04	2.7774e-06
17319.6340	2.4338e-04	2.8111e-06
17331.4060	2.5186e-04	2.8597e-06
17343.1780	2.5121e-04	2.8560e-06
17354.9500	2.6575e-04	2.9375e-06
17366.7220	2.7169e-04	2.9702e-06
17378.4940	2.7358e-04	2.9804e-06
17390.2660	2.8254e-04	3.0289e-06
17402.0380	2.9046e-04	3.0710e-06
17413.8100	2.9208e-04	3.0796e-06
17425.5820	3.0195e-04	3.1312e-06
17437.3540	3.1903e-04	3.2185e-06
17449.1260	3.2344e-04	3.2407e-06
17460.8980	3.2740e-04	3.2605e-06
17472.6700	3.3256e-04	3.2861e-06
17484.4420	3.4597e-04	3.3517e-06
17496.2140	3.5831e-04	3.4110e-06
17507.9860	3.6558e-04	3.4454e-06
17519.7580	3.7175e-04	3.4744e-06
17531.5300	3.8389e-04	3.5307e-06
17543.3020	3.9408e-04	3.5773e-06
17555.0740	4.0233e-04	3.6145e-06
17566.8460	4.0265e-04	3.6160e-06
17578.6180	4.1454e-04	3.6689e-06
17590.3900	4.2989e-04	3.7363e-06
17602.1620	4.4122e-04	3.7852e-06
17613.9340	4.4635e-04	3.8072e-06
17625.7060	4.6333e-04	3.8789e-06
17637.4780	4.7359e-04	3.9216e-06
17649.2500	4.8096e-04	3.9520e-06
17661.0220	4.8982e-04	3.9883e-06
17672.7940	4.9693e-04	4.0172e-06
17684.5660	5.0618e-04	4.0544e-06
17696.3380	5.2362e-04	4.1236e-06
17708.1100	5.3725e-04	4.1770e-06
17719.8820	5.3796e-04	4.1798e-06
17731.6540	5.5520e-04	4.2462e-06
17743.4260	5.5929e-04	4.2619e-06
17755.1980	5.6429e-04	4.2809e-06
17766.9700	5.8494e-04	4.3585e-06
17778.7420	5.9812e-04	4.4074e-06
17790.5140	5.9429e-04	4.3932e-06
17802.2860	5.9991e-04	4.4139e-06
17814.0580	6.1727e-04	4.4774e-06
17825.8300	6.2107e-04	4.4912e-06
17837.6020	6.3270e-04	4.5330e-06
17849.3740	6.4640e-04	4.5818e-06
17861.1460	6.5847e-04	4.6245e-06
17872.9180	6.5938e-04	4.6277e-06
17884.6900	6.6165e-04	4.6356e-06
17896.4620	6.7152e-04	4.6701e-06
17908.2340	6.8383e-04	4.7127e-06
17920.0060	6.8999e-04	4.7339e-06
17931.7780	6.8837e-04	4.7283e-06
17943.5500	6.9714e-04	4.7584e-06
17955.3220	7.1197e-04	4.8088e-06
17967.0940	7.1188e-04	4.8084e-06
17978.8660	7.2934e-04	4.8671e-06
17990.6380	7.2642e-04	4.8573e-06
18002.4100	7.3320e-04	4.8800e-06
18014.1820	7.3941e-04	4.9006e-06
18025.9540	7.4879e-04	4.9316e-06
18037.7260	7.4953e-04	4.9340e-06
18049.4980	7.5272e-04	4.9445e-06
18061.2700	7.6314e-04	4.9786e-06
18073.0420	7.7891e-04	5.0298e-06
18084.8140	7.8063e-04	5.0354e-06
18096.5860	7.7882e-04	5.0295e-06
18108.3580	7.9015e-04	5.0660e-06
18120.1300	7.9141e-04	5.0701e-06
18131.9020	8.0083e-04	5.1001e-06
18143.6740	7.9849e-04	5.0927e-06
18155.4460	8.1375e-04	5.1411e-06
18167.2180	8.1768e-04	5.1535e-06
18178.9900	8.2384e-04	5.1730e-06
18190.7620	8.3352e-04	5.2033e-06
18202.5340	8.3469e-04	5.2069e-06
18214.3060	8.3248e-04	5.2000e-06
18226.0780	8.4186e-04	5.2292e-06
18237.8500	8.6488e-04	5.3003e-06
18249.6220	8.7157e-04	5.3208e-06
18261.3940	8.7546e-04	5.3326e-06
18273.1660	8.8907e-04	5.3739e-06
18284.9380	8.9153e-04	5.3814e-06
18296.7100	9.0082e-04	5.4094e-06
18308.4820	9.2017e-04	5.4672e-06
18320.2540	9.3302e-04	5.5053e-06
18332.0260	9.4104e-04	5.5289e-06
18343.7980	9.4133e-04	5.5297e-06
18355.5700	9.6211e-04	5.5905e-06
18367.3420	9.6867e-04	5.6095e-06
18379.1140	9.8675e-04	5.6616e-06
18390.8860	1.0096e-03	5.7269e-06
18402.6580	1.0091e-03	5.7254e-06
18414.4300	1.0223e-03	5.7628e-06
18426.2020	1.0393e-03	5.8107e-06
18437.9740	1.0639e-03	5.8788e-06
18449.7460	1.0750e-03	5.9094e-06
18461.5180	1.0917e-03	5.9552e-06
18473.2900	1.1110e-03	6.0076e-06
18485.0620	1.1225e-03	6.0388e-06
18496.8340	1.1558e-03	6.1277e-06
18508.6060	1.1673e-03	6.1582e-06
18520.3780	1.1883e-03	6.2135e-06
18532.1500	1.2142e-03	6.2807e-06
18543.9220	1.2308e-03	6.3237e-06
18555.6940	1.2565e-03	6.3893e-06
18567.4660	1.2870e-03	6.4666e-06
18579.2380	1.3068e-03	6.5162e-06
18591.0100	1.3363e-03	6.5894e-06
18602.7820	1.3688e-03	6.6689e-06
18614.5540	1.3940e-03	6.7302e-06
18626.3260	1.4289e-03	6.8141e-06
18638.0980	1.4513e-03	6.8673e-06
18649.8700	1.4893e-03	6.9567e-06
18661.6420	1.5186e-03	7.0247e-06
18673.4140	1.5662e-03	7.1341e-06
18685.1860	1.6118e-03	7.2374e-06
18696.9580	1.6521e-03	7.3274e-06
18708.7300	1.6751e-03	7.3782e-06
18720.5020	1.7442e-03	7.5290e-06
18732.2740	1.7810e-03	7.6082e-06
18744.0460	1.8336e-03	7.7199e-06
18755.8180	1.8934e-03	7.8449e-06
18767.5900	1.9543e-03	7.9702e-06
18779.3620	2.0180e-03	8.0993e-06
18791.1340	2.0942e-03	8.2509e-06
18802.9060	2.1710e-03	8.4010e-06
18814.6780	2.2624e-03	8.5763e-06
18826.4500	2.3642e-03	8.7675e-06
18838.2220	2.4647e-03	8.9521e-06
18849.9940	2.5297e-03	9.0696e-06
18861.7660	2.6617e-03	9.3036e-06
18873.5380	2.8232e-03	9.5821e-06
18885.3100	2.9422e-03	9.7824e-06
18897.0820	3.0826e-03	1.0014e-05
18908.8540	3.2474e-03	1.0278e-05
18920.6260	3.4309e-03	1.0565e-05
18932.3980	3.6306e-03	1.0869e-05
18944.1700	3.8302e-03	1.1164e-05
18955.9420	4.0476e-03	1.1478e-05
18967.7140	4.3107e-03	1.1846e-05
18979.4860	4.6094e-03	1.2251e-05
18991.2580	4.8606e-03	1.2581e-05
19003.0300	5.1549e-03	1.2958e-05
19014.8020	5.5057e-03	1.3393e-05
19026.5740	5.8340e-03	1.3788e-05
19038.3460	6.1939e-03	1.4208e-05
19050.1180	6.5935e-03	1.4661e-05
19061.8900	6.9900e-03	1.5097e-05
19073.6620	7.4283e-03	1.5566e-05
19085.4340	7.8506e-03	1.6004e-05
19097.2060	8.3240e-03	1.6482e-05
19108.9780	8.7946e-03	1.6944e-05
19120.7500	9.2760e-03	1.7404e-05
19132.5220	9.7766e-03	1.7871e-05
19144.2940	1.0303e-02	1.8349e-05
19156.0660	1.0789e-02	1.8779e-05
19167.8380	1.1345e-02	1.9261e-05
19179.6100	1.1829e-02	1.9670e-05
19191.3820	1.2339e-02	2.0093e-05
19203.1540	1.2830e-02	2.0491e-05
19214.9260	1.3352e-02	2.0908e-05
19226.6980	1.3800e-02	2.1259e-05
19238.4700	1.4253e-02	2.1608e-05
19250.2420	1.4680e-02	2.1932e-05
19262.0140	1.5049e-02	2.2209e-05
19273.7860	1.5458e-02	2.2511e-05
19285.5580	1.5756e-02	2.2729e-05
19297.3300	1.6065e-02	2.2953e-05
19309.1020	1.6320e-02	2.3136e-05
19320.8740	1.6507e-02	2.3270e-05
19332.6460	1.6627e-02	2.3356e-05
19344.4180	1.6775e-02	2.3460e-05
19356.1900	1.6791e-02	2.3472e-05
19367.9620	1.6784e-02	2.3467e-05
19379.7340	1.6748e-02	2.3441e-05
19391.5060	1.6642e-02	2.3366e-05
19403.2780	1.6524e-02	2.3283e-05
19415.0500	1.6259e-02	2.3093e-05
19426.8220	1.6035e-02	2.2932e-05
19438.5940	1.5735e-02	2.2714e-05
19450.3660	1.5437e-02	2.2496e-05
19462.1380	1.5045e-02	2.2205e-05
19473.9100	1.4638e-02	2.1901e-05
19485.6820	1.4166e-02	2.1541e-05
19497.4540	1.3709e-02	2.1188e-05
19509.2260	1.3180e-02	2.0772e-05
19520.9980	1.2722e-02	2.0405e-05
19532.7700	1.2133e-02	1.9923e-05
19544.5420	1.1581e-02	1.9461e-05
19556.3140	1.1076e-02	1.9029e-05
19568.0860	1.0500e-02	1.8524e-05
19579.8580	9.9118e-03	1.7995e-05
19591.6300	9.3521e-03	1.7476e-05
19603.4020	8.8423e-03	1.6990e-05
19615.1740	8.2628e-03	1.6421e-05
19626.9460	7.7650e-03	1.5916e-05
19638.7180	7.2283e-03	1.5354e-05
19650.4900	6.7861e-03	1.4875e-05
19662.2620	6.3131e-03	1.4345e-05
19674.0340	5.8507e-03	1.3807e-05
19685.8060	5.4525e-03	1.3328e-05
19697.5780	5.0577e-03	1.2834e-05
19709.3500	4.6617e-03	1.2320e-05
19721.1220	4.3045e-03	1.1837e-05
19732.8940	3.9763e-03	1.1376e-05
19744.6660	3.7117e-03	1.0990e-05
19756.4380	3.3951e-03	1.0510e-05
19768.2100	3.1621e-03	1.0142e-05
19779.9820	2.9340e-03	9.7686e-06
19791.7540	2.7114e-03	9.3901e-06
19803.5260	2.5382e-03	9.0847e-06
19815.2980	2.3834e-03	8.8030e-06
19827.0700	2.2756e-03	8.6013e-06
19838.8420	2.1772e-03	8.4130e-06
19850.6140	2.1280e-03	8.3173e-06
19862.3860	2.0645e-03	8.1920e-06
19874.1580	2.0752e-03	8.2133e-06
19885.9300	2.0738e-03	8.2106e-06
19897.7020	2.1390e-03	8.3387e-06
19909.4740	2.2228e-03	8.5007e-06
19921.2460	2.3100e-03	8.6661e-06
19933.0180	2.4526e-03	8.9301e-06
19944.7900	2.6129e-03	9.2178e-06
19956.5620	2.7757e-03	9.5011e-06
19968.3340	2.9420e-03	9.7821e-06
19980.1060	3.1380e-03	1.0103e-05
19991.8780	3.3237e-03	1.0398e-05
20003.6500	3.4990e-03	1.0670e-05
20015.4220	3.6985e-03	1.0970e-05
20027.1940	3.8681e-03	1.1220e-05
20038.9660	4.0167e-03	1.1434e-05
20050.7380	4.1404e-03	1.1609e-05
20062.5100	4.2479e-03	1.1759e-05
20074.2820	4.3183e-03	1.1856e-05
20086.0540	4.3321e-03	1.1875e-05
20097.8260	4.3470e-03	1.1896e-05
20109.5980	4.2907e-03	1.1818e-05
20121.3700	4.2075e-03	1.1703e-05
20133.1420	4.0965e-03	1.1547e-05
20144.9140	3.9364e-03	1.1319e-05
20156.6860	3.7479e-03	1.1044e-05
20168.4580	3.5691e-03	1.0776e-05
20180.2300	3.3362e-03	1.0418e-05
20192.0020	3.0919e-03	1.0029e-05
20203.7740	2.8338e-03	9.6001e-06
20215.5460	2.6015e-03	9.1976e-06
20227.3180	2.3624e-03	8.7641e-06
20239.0900	2.1021e-03	8.2665e-06
20250.8620	1.8836e-03	7.8244e-06
20262.6340	1.6585e-03	7.3416e-06
20274.4060	1.4675e-03	6.9055e-06
20286.1780	1.2684e-03	6.4197e-06
20297.9500	1.0882e-03	5.9457e-06
20309.7220	9.3049e-04	5.4978e-06
20321.4940	7.8959e-04	5.0642e-06
20333.2660	6.7337e-04	4.6765e-06
20345.0380	5.7092e-04	4.3059e-06
20356.8100	4.7836e-04	3.9414e-06
20368.5820	4.0415e-04	3.6227e-06
20380.3540	3.4367e-04	3.3406e-06
20392.1260	2.8864e-04	3.0614e-06
20403.8980	2.3900e-04	2.7857e-06
20415.6700	2.0475e-04	2.5784e-06
20427.4420	1.7846e-04	2.4071e-06
20439.2140	1.5482e-04	2.2420e-06
20450.9860	1.3615e-04	2.1025e-06
20462.7580	1.2229e-04	1.9926e-06
20474.5300	1.1197e-04	1.9066e-06
20486.3020	1.0148e-04	1.8152e-06
20498.0740	9.7003e-05	1.7746e-06
20509.8460	8.8562e-05	1.6957e-06
20521.6180	8.5089e-05	1.6621e-06
20533.3900	8.2557e-05	1.6372e-06
20545.1620	8.0349e-05	1.6151e-06
20556.9340	7.5349e-05	1.5641e-06
20568.7060	7.3791e-05	1.5478e-06
20580.4780	7.6129e-05	1.5721e-06
20592.2500	7.4992e-05	1.5603e-06
20604.0220	6.9701e-05	1.5043e-06
20615.7940	7.1162e-05	1.5200e-06
20627.5660	6.7363e-05	1.4788e-06
20639.3380	6.5935e-05	1.4631e-06
20651.1100	6.5935e-05	1.4631e-06
20662.8820	6.4247e-05	1.4442e-06
20674.6540	6.4344e-05	1.4453e-06
20686.4260	6.5675e-05	1.4602e-06
20698.1980	6.3468e-05	1.4354e-06
20709.9700	6.7526e-05	1.4806e-06
20721.7420	6.2072e-05	1.4196e-06
20733.5140	5.9020e-05	1.3842e-06
20745.2860	6.1779e-05	1.4162e-06
20757.0580	5.7754e-05	1.3693e-06
20768.8300	5.8825e-05	1.3819e-06
20780.6020	5.2884e-05	1.3103e-06
20792.3740	5.7202e-05	1.3627e-06
20804.1460	5.5741e-05	1.3452e-06
20815.9180	5.3047e-05	1.3123e-06
20827.6900	5.1618e-05	1.2945e-06
20839.4620	5.1488e-05	1.2929e-06
20851.2340	5.3891e-05	1.3227e-06
20863.0060	5.3404e-05	1.3167e-06
20874.7780	5.1586e-05	1.2941e-06
20886.5500	4.9021e-05	1.2615e-06
20898.3220	4.9118e-05	1.2628e-06
20910.0940	4.9865e-05	1.2724e-06
20921.8660	4.8566e-05	1.2557e-06
20933.6380	4.9313e-05	1.2653e-06
20945.4100	4.6164e-05	1.2242e-06
20957.1820	4.6586e-05	1.2298e-06
20968.9540	4.6684e-05	1.2311e-06
20980.7260	4.7268e-05	1.2388e-06
20992.4980	4.4476e-05	1.2016e-06
21004.2700	4.5417e-05	1.2143e-06
21016.0420	4.3632e-05	1.1902e-06
21027.8140	4.3470e-05	1.1880e-06
21039.5860	4.1489e-05	1.1606e-06
21051.3580	4.1489e-05	1.1606e-06
21063.1300	4.1619e-05	1.1624e-06
21074.9020	4.0548e-05	1.1473e-06
21086.6740	4.2885e-05	1.1799e-06
21098.4460	4.0386e-05	1.1450e-06
21110.2180	3.9996e-05	1.1395e-06
21121.9900	4.0061e-05	1.1404e-06
21133.7620	3.9347e-05	1.1302e-06
21145.5340	4.1262e-05	1.1574e-06
21157.3060	3.9736e-05	1.1358e-06
21169.0780	4.0158e-05	1.1418e-06
21180.8500	3.7561e-05	1.1043e-06
21192.6220	3.8697e-05	1.1209e-06
21204.3940	3.8665e-05	1.1204e-06
21216.1660	3.7074e-05	1.0971e-06
21227.9380	3.7853e-05	1.1086e-06
21239.7100	3.7204e-05	1.0990e-06
21251.4820	3.7074e-05	1.0971e-06
21263.2540	3.7042e-05	1.0966e-06
21275.0260	3.7107e-05	1.0976e-06
21286.7980	3.5581e-05	1.0748e-06
21298.5700	3.5191e-05	1.0689e-06
21310.3420	3.5321e-05	1.0708e-06
21322.1140	3.5289e-05	1.0703e-06
21333.8860	3.4477e-05	1.0580e-06
21345.6580	3.3568e-05	1.0439e-06
21357.4300	3.2172e-05	1.0220e-06
21369.2020	3.3795e-05	1.0475e-06
21380.9740	3.4509e-05	1.0585e-06
21392.7460	3.3276e-05	1.0394e-06
21404.5180	3.3341e-05	1.0404e-06
21416.2900	3.1003e-05	1.0033e-06
21428.0620	3.2237e-05	1.0230e-06
21439.8340	3.1588e-05	1.0127e-06
21451.6060	3.2107e-05	1.0210e-06
21463.3780	3.3016e-05	1.0353e-06
21475.1500	3.1523e-05	1.0116e-06
21486.9220	3.1880e-05	1.0173e-06
21498.6940	3.0419e-05	9.9375e-07
21510.4660	2.9380e-05	9.7664e-07
21522.2380	3.0581e-05	9.9640e-07
21534.0100	3.2594e-05	1.0287e-06
21545.7820	3.1198e-05	1.0064e-06
21557.5540	2.9867e-05	9.8470e-07
21569.3260	3.0029e-05	9.8737e-07
21581.0980	2.8536e-05	9.6251e-07
21592.8700	3.0581e-05	9.9640e-07
21604.6420	2.8926e-05	9.6905e-07
21616.4140	2.8991e-05	9.7014e-07
21628.1860	2.8276e-05	9.5812e-07
21639.9580	2.9802e-05	9.8363e-07
21651.7300	2.9575e-05	9.7987e-07
21663.5020	2.9088e-05	9.7177e-07
21675.2740	2.7627e-05	9.4705e-07
21687.0460	2.6751e-05	9.3191e-07
21698.8180	2.6913e-05	9.3473e-07
21710.5900	2.7692e-05	9.4816e-07
21722.3620	2.7270e-05	9.4091e-07
21734.1340	2.9413e-05	9.7718e-07
21745.9060	2.6783e-05	9.3247e-07
21757.6780	2.9055e-05	9.7123e-07
21769.4500	2.7692e-05	9.4816e-07
21781.2220	2.8276e-05	9.5812e-07
21792.9940	2.7822e-05	9.5038e-07
21804.7660	2.8796e-05	9.6688e-07
21816.5380	2.6296e-05	9.2396e-07
21828.3100	2.8309e-05	9.5867e-07
21840.0820	2.6361e-05	9.2510e-07
21851.8540	2.5712e-05	9.1363e-07
21863.6260	2.5874e-05	9.1651e-07
21875.3980	2.7724e-05	9.4872e-07
21887.1700	2.4835e-05	8.9792e-07
21898.9420	2.6491e-05	9.2737e-07
21910.7140	2.6361e-05	9.2510e-07
21922.4860	2.5971e-05	9.1823e-07
21934.2580	2.5614e-05	9.1190e-07
21946.0300	2.6231e-05	9.2281e-07
21957.8020	2.5225e-05	9.0494e-07
21969.5740	2.5355e-05	9.0726e-07
21981.3460	2.7724e-05	9.4872e-07
21993.1180	2.4900e-05	8.9910e-07
22004.8900	2.6361e-05	9.2510e-07
22016.6620	2.5290e-05	9.0610e-07
22028.4340	2.6491e-05	9.2737e-07
22040.2060	2.6361e-05	9.2510e-07
22051.9780	2.4478e-05	8.9144e-07
22063.7500	2.4121e-05	8.8492e-07
22075.5220	2.6458e-05	9.2680e-07
22087.2940	2.5549e-05	9.1074e-07
22099.0660	2.5127e-05	9.0319e-07
22110.8380	2.5225e-05	9.0494e-07
22122.6100	2.4316e-05	8.8848e-07
22134.3820	2.6199e-05	9.2224e-07
22146.1540	2.4803e-05	8.9734e-07
22157.9260	2.6393e-05	9.2567e-07
22169.6980	2.5322e-05	9.0668e-07
22181.4700	2.4024e-05	8.8313e-07
22193.2420	2.3309e-05	8.6990e-07
22205.0140	2.5387e-05	9.0785e-07
22216.7860	2.4770e-05	8.9675e-07
22228.5580	2.3796e-05	8.7894e-07
22240.3300	2.5744e-05	9.1421e-07
22252.1020	2.5744e-05	9.1421e-07
22263.8740	2.4381e-05	8.8967e-07
22275.6460	2.4024e-05	8.8313e-07
22287.4180	2.2076e-05	8.4657e-07
22299.1900	2.3439e-05	8.7232e-07
22310.9620	2.5127e-05	9.0319e-07
22322.7340	2.4088e-05	8.8432e-07
22334.5060	2.5679e-05	9.1305e-07
22346.2780	2.4478e-05	8.9144e-07
22358.0500	2.4933e-05	8.9968e-07
22369.8220	2.3894e-05	8.8074e-07
22381.5940	2.6588e-05	9.2907e-07
22393.3660	2.4316e-05	8.8848e-07
22405.1380	2.3115e-05	8.6626e-07
22416.9100	2.2855e-05	8.6138e-07
22428.6820	2.4348e-05	8.8908e-07
22440.4540	2.3309e-05	8.6990e-07
22452.2260	2.3894e-05	8.8074e-07
22463.9980	2.4446e-05	8.9085e-07
22475.7700	2.4835e-05	8.9792e-07
22487.5420	2.4251e-05	8.8730e-07
22499.3140	2.4283e-05	8.8789e-07
22511.0860	2.4640e-05	8.9440e-07
22522.8580	2.3764e-05	8.7834e-07
22534.6300	2.4251e-05	8.8730e-07
22546.4020	2.4056e-05	8.8373e-07
22558.1740	2.4283e-05	8.8789e-07
22569.9460	2.4056e-05	8.8373e-07
22581.7180	2.2563e-05	8.5586e-07
22593.4900	2.2822e-05	8.6077e-07
22605.2620	2.2043e-05	8.4595e-07
22617.0340	2.3277e-05	8.6930e-07
22628.8060	2.4446e-05	8.9085e-07
22640.5780	2.5355e-05	9.0726e-07
22652.3500	2.4640e-05	8.9440e-07
22664.1220	2.5030e-05	9.0144e-07
22675.8940	2.3439e-05	8.7232e-07
22687.6660	2.2985e-05	8.6382e-07
22699.4380	2.3309e-05	8.6990e-07
22711.2100	2.2822e-05	8.6077e-07
22722.9820	2.2173e-05	8.4843e-07
22734.7540	2.3959e-05	8.8194e-07
22746.5260	2.3374e-05	8.7111e-07
22758.2980	2.2790e-05	8.6016e-07
22770.0700	2.3244e-05	8.6869e-07
22781.8420	2.3569e-05	8.7474e-07
22793.6140	2.3472e-05	8.7293e-07
22805.3860	2.2855e-05	8.6138e-07
22817.1580	2.3472e-05	8.7293e-07
22828.9300	2.2270e-05	8.5030e-07
22840.7020	2.2530e-05	8.5524e-07
22852.4740	2.2400e-05	8.5277e-07
22864.2460	2.4413e-05	8.9026e-07
22876.0180	2.4640e-05	8.9440e-07
22887.7900	2.2433e-05	8.5339e-07
22899.5620	2.3017e-05	8.6443e-07
22911.3340	2.3731e-05	8.7774e-07
22923.1060	2.4381e-05	8.8967e-07
22934.8780	2.2790e-05	8.6016e-07
22946.6500	2.2595e-05	8.5647e-07
22958.4220	2.2952e-05	8.6321e-07
22970.1940	2.3212e-05	8.6808e-07
22981.9660	2.3439e-05	8.7232e-07
22993.7380	2.2465e-05	8.5401e-07
23005.5100	2.3959e-05	8.8194e-07
23017.2820	2.3407e-05	8.7172e-07
23029.0540	2.2757e-05	8.5954e-07
23040.8260	2.3504e-05	8.7353e-07
23052.5980	2.2498e-05	8.5462e-07
23064.3700	2.3212e-05	8.6808e-07
23076.1420	2.3212e-05	8.6808e-07
23087.9140	2.4316e-05	8.8848e-07
23099.6860	2.3699e-05	8.7714e-07
23111.4580	2.3277e-05	8.6930e-07
23123.2300	2.3439e-05	8.7232e-07
23135.0020	2.4673e-05	8.9498e-07
23146.7740	2.3342e-05	8.7051e-07
23158.5460	2.2887e-05	8.6199e-07
23170.3180	2.2660e-05	8.5770e-07
23182.0900	2.3829e-05	8.7954e-07
23193.8620	2.3537e-05	8.7413e-07
23205.6340	2.4608e-05	8.9381e-07
23217.4060	2.4088e-05	8.8432e-07
23229.1780	2.1751e-05	8.4032e-07
23240.9500	2.3764e-05	8.7834e-07
23252.7220	2.3764e-05	8.7834e-07
23264.4940	2.3115e-05	8.6626e-07
23276.2660	2.3764e-05	8.7834e-07
23288.0380	2.5030e-05	9.0144e-07
23299.8100	2.3634e-05	8.7594e-07
23311.5820	2.5160e-05	9.0377e-07
23323.3540	2.3894e-05	8.8074e-07
23335.1260	2.3342e-05	8.7051e-07
23346.8980	2.5160e-05	9.0377e-07
23358.6700	2.4446e-05	8.9085e-07
23370.4420	2.2985e-05	8.6382e-07
23382.2140	2.2822e-05	8.6077e-07
23393.9860	2.3699e-05	8.7714e-07
23405.7580	2.4446e-05	8.9085e-07
23417.5300	2.2465e-05	8.5401e-07
23429.3020	2.4186e-05	8.8611e-07
23441.0740	2.5192e-05	9.0436e-07
23452.8460	2.4316e-05	8.8848e-07
23464.6180	2.4608e-05	8.9381e-07
23476.3900	2.2595e-05	8.5647e-07
23488.1620	2.3050e-05	8.6504e-07
23499.9340	2.5712e-05	9.1363e-07
23511.7060	2.3115e-05	8.6626e-07
23523.4780	2.3926e-05	8.8134e-07
23535.2500	2.4153e-05	8.8551e-07
23547.0220	2.3082e-05	8.6565e-07
23558.7940	2.4348e-05	8.8908e-07
23570.5660	2.3537e-05	8.7413e-07
23582.3380	2.4153e-05	8.8551e-07
23594.1100	2.3569e-05	8.7474e-07
23605.8820	2.4218e-05	8.8670e-07
23617.6540	2.4218e-05	8.8670e-07
23629.4260	2.4088e-05	8.8432e-07
23641.1980	2.5906e-05	9.1709e-07
23652.9700	2.4381e-05	8.8967e-07
23664.7420	2.5160e-05	9.0377e-07
23676.5140	2.4510e-05	8.9204e-07
23688.2860	2.4478e-05	8.9144e-07
23700.0580	2.4056e-05	8.8373e-07
23711.8300	2.6913e-05	9.3473e-07
23723.6020	2.4446e-05	8.9085e-07
23735.3740	2.4283e-05	8.8789e-07
23747.1460	2.3601e-05	8.7534e-07
23758.9180	2.4218e-05	8.8670e-07
23770.6900	2.6653e-05	9.3021e-07
23782.4620	2.5517e-05	9.1016e-07
23794.2340	2.6815e-05	9.3304e-07
23806.0060	2.4997e-05	9.0085e-07
23817.7780	2.3601e-05	8.7534e-07
23829.5500	2.6458e-05	9.2680e-07
23841.3220	2.6426e-05	9.2623e-07
23853.0940	2.4608e-05	8.9381e-07
23864.8660	2.6718e-05	9.3134e-07
23876.6380	2.4316e-05	8.8848e-07
23888.4100	2.6653e-05	9.3021e-07
23900.1820	2.7010e-05	9.3642e-07
23911.9540	2.4121e-05	8.8492e-07
23923.7260	2.5452e-05	9.0901e-07
23935.4980	2.6945e-05	9.3529e-07
23947.2700	2.5679e-05	9.1305e-07
23959.0420	2.6166e-05	9.2167e-07
23970.8140	2.6783e-05	9.3247e-07
23982.5860	2.6848e-05	9.3360e-07
