-114.6980	0.0000e+00	0.0000e+00
-102.9260	0.0000e+00	0.0000e+00
-91.1540	0.0000e+00	0.0000e+00
-79.3820	0.0000e+00	0.0000e+00
-67.6100	0.0000e+00	0.0000e+00
-55.8380	0.0000e+00	0.0000e+00
-44.0660	0.0000e+00	0.0000e+00
-32.2940	0.0000e+00	0.0000e+00
-20.5220	0.0000e+00	0.0000e+00
-8.7500	0.0000e+00	0.0000e+00
3.0220	0.0000e+00	0.0000e+00
14.7940	0.0000e+00	0.0000e+00
26.5660	0.0000e+00	0.0000e+00
38.3380	0.0000e+00	0.0000e+00
50.1100	0.0000e+00	0.0000e+00
61.8820	0.0000e+00	0.0000e+00
73.6540	0.0000e+00	0.0000e+00
85.4260	0.0000e+00	0.0000e+00
97.1980	0.0000e+00	0.0000e+00
108.9700	0.0000e+00	0.0000e+00
120.7420	0.0000e+00	0.0000e+00
132.5140	0.0000e+00	0.0000e+00
144.2860	0.0000e+00	0.0000e+00
156.0580	0.0000e+00	0.0000e+00
167.8300	0.0000e+00	0.0000e+00
179.6020	0.0000e+00	0.0000e+00
191.3740	0.0000e+00	0.0000e+00
203.1460	0.0000e+00	0.0000e+00
214.9180	0.0000e+00	0.0000e+00
226.6900	0.0000e+00	0.0000e+00
238.4620	0.0000e+00	0.0000e+00
250.2340	0.0000e+00	0.0000e+00
262.0060	0.0000e+00	0.0000e+00
273.7780	0.0000e+00	0.0000e+00
285.5500	0.0000e+00	0.0000e+00
297.3220	0.0000e+00	0.0000e+00
309.0940	0.0000e+00	0.0000e+00
320.8660	0.0000e+00	0.0000e+00
332.6380	0.0000e+00	0.0000e+00
344.4100	0.0000e+00	0.0000e+00
356.1820	0.0000e+00	0.0000e+00
367.9540	0.0000e+00	0.0000e+00
379.7260	0.0000e+00	0.0000e+00
391.4980	0.0000e+00	0.0000e+00
403.2700	0.0000e+00	0.0000e+00
415.0420	0.0000e+00	0.0000e+00
426.8140	0.0000e+00	0.0000e+00
438.5860	0.0000e+00	0.0000e+00
450.3580	0.0000e+00	0.0000e+00
462.1300	0.0000e+00	0.0000e+00
473.9020	0.0000e+00	0.0000e+00
485.6740	0.0000e+00	0.0000e+00
497.4460	0.0000e+00	0.0000e+00
509.2180	0.0000e+00	0.0000e+00
520.9900	0.0000e+00	0.0000e+00
532.7620	0.0000e+00	0.0000e+00
544.5340	0.0000e+00	0.0000e+00
556.3060	0.0000e+00	0.0000e+00
568.0780	0.0000e+00	0.0000e+00
579.8500	0.0000e+00	0.0000e+00
591.6220	0.0000e+00	0.0000e+00
603.3940	0.0000e+00	0.0000e+00
615.1660	0.0000e+00	0.0000e+00
626.9380	0.0000e+00	0.0000e+00
638.7100	0.0000e+00	0.0000e+00
650.4820	0.0000e+00	0.0000e+00
662.2540	0.0000e+00	0.0000e+00
674.0260	0.0000e+00	0.0000e+00
685.7980	0.0000e+00	0.0000e+00
697.5700	0.0000e+00	0.0000e+00
709.3420	0.0000e+00	0.0000e+00
721.1140	0.0000e+00	0.0000e+00
732.8860	0.0000e+00	0.0000e+00
744.6580	0.0000e+00	0.0000e+00
756.4300	0.0000e+00	0.0000e+00
768.2020	0.0000e+00	0.0000e+00
779.9740	0.0000e+00	0.0000e+00
791.7460	0.0000e+00	0.0000e+00
803.5180	0.0000e+00	0.0000e+00
815.2900	0.0000e+00	0.0000e+00
827.0620	0.0000e+00	0.0000e+00
838.8340	0.0000e+00	0.0000e+00
850.6060	0.0000e+00	0.0000e+00
862.3780	0.0000e+00	0.0000e+00
874.1500	0.0000e+00	0.0000e+00
885.9220	0.0000e+00	0.0000e+00
897.6940	0.0000e+00	0.0000e+00
909.4660	0.0000e+00	0.0000e+00
921.2380	0.0000e+00	0.0000e+00
933.0100	0.0000e+00	0.0000e+00
944.7820	0.0000e+00	0.0000e+00
956.5540	0.0000e+00	0.0000e+00
968.3260	0.0000e+00	0.0000e+00
980.0980	0.0000e+00	0.0000e+00
991.8700	0.0000e+00	0.0000e+00
1003.6420	0.0000e+00	0.0000e+00
1015.4140	0.0000e+00	0.0000e+00
1027.1860	0.0000e+00	0.0000e+00
1038.9580	0.0000e+00	0.0000e+00
1050.7300	0.0000e+00	0.0000e+00
1062.5020	0.0000e+00	0.0000e+00
1074.2740	0.0000e+00	0.0000e+00
1086.0460	0.0000e+00	0.0000e+00
1097.8180	0.0000e+00	0.0000e+00
1109.5900	0.0000e+00	0.0000e+00
1121.3620	3.2520e-08	3.2520e-08
1133.1340	0.0000e+00	0.0000e+00
1144.9060	0.0000e+00	0.0000e+00
1156.6780	0.0000e+00	0.0000e+00
1168.4500	0.0000e+00	0.0000e+00
1180.2220	0.0000e+00	0.0000e+00
1191.9940	0.0000e+00	0.0000e+00
1203.7660	0.0000e+00	0.0000e+00
1215.5380	0.0000e+00	0.0000e+00
1227.3100	0.0000e+00	0.0000e+00
1239.0820	0.0000e+00	0.0000e+00
1250.8540	0.0000e+00	0.0000e+00
1262.6260	0.0000e+00	0.0000e+00
1274.3980	0.0000e+00	0.0000e+00
1286.1700	0.0000e+00	0.0000e+00
1297.9420	0.0000e+00	0.0000e+00
1309.7140	0.0000e+00	0.0000e+00
1321.4860	0.0000e+00	0.0000e+00
1333.2580	0.0000e+00	0.0000e+00
1345.0300	0.0000e+00	0.0000e+00
1356.8020	0.0000e+00	0.0000e+00
1368.5740	0.0000e+00	0.0000e+00
1380.3460	0.0000e+00	0.0000e+00
1392.1180	0.0000e+00	0.0000e+00
1403.8900	3.2520e-08	3.2520e-08
1415.6620	0.0000e+00	0.0000e+00
1427.4340	0.0000e+00	0.0000e+00
1439.2060	0.0000e+00	0.0000e+00
1450.9780	0.0000e+00	0.0000e+00
1462.7500	3.2520e-08	3.2520e-08
1474.5220	3.2520e-08	3.2520e-08
1486.2940	0.0000e+00	0.0000e+00
1498.0660	3.2520e-08	3.2520e-08
1509.8380	3.2520e-08	3.2520e-08
1521.6100	0.0000e+00	0.0000e+00
1533.3820	3.2520e-08	3.2520e-08
1545.1540	3.2520e-08	3.2520e-08
1556.9260	1.3008e-07	6.5039e-08
1568.6980	1.9512e-07	7.9656e-08
1580.4700	2.2764e-07	8.6039e-08
1592.2420	2.9268e-07	9.7559e-08
1604.0140	1.6260e-07	7.2716e-08
1615.7860	3.2520e-07	1.0284e-07
1627.5580	5.2031e-07	1.3008e-07
1639.3300	4.2275e-07	1.1725e-07
1651.1020	5.2031e-07	1.3008e-07
1662.8740	8.7803e-07	1.6898e-07
1674.6460	8.1299e-07	1.6260e-07
1686.4180	1.0081e-06	1.8106e-07
1698.1900	9.4307e-07	1.7512e-07
1709.9620	1.3983e-06	2.1325e-07
1721.7340	1.7561e-06	2.3897e-07
1733.5060	1.9837e-06	2.5399e-07
1745.2780	2.7316e-06	2.9805e-07
1757.0500	2.7967e-06	3.0157e-07
1768.8220	3.4471e-06	3.3481e-07
1780.5940	3.9024e-06	3.5623e-07
1792.3660	4.1625e-06	3.6792e-07
1804.1380	4.9755e-06	4.0225e-07
1815.9100	5.3332e-06	4.1645e-07
1827.6820	5.3657e-06	4.1772e-07
1839.4540	6.6990e-06	4.6674e-07
1851.2260	6.4389e-06	4.5759e-07
1862.9980	6.9592e-06	4.7572e-07
1874.7700	8.2925e-06	5.1930e-07
1886.5420	1.0894e-05	5.9521e-07
1898.3140	9.6583e-06	5.6043e-07
1910.0860	1.0211e-05	5.7625e-07
1921.8580	1.1154e-05	6.0227e-07
1933.6300	1.1479e-05	6.1099e-07
1945.4020	1.2715e-05	6.4304e-07
1957.1740	1.4699e-05	6.9138e-07
1968.9460	1.5772e-05	7.1617e-07
1980.7180	1.5772e-05	7.1617e-07
1992.4900	1.4439e-05	6.8523e-07
2004.2620	1.7853e-05	7.6196e-07
2016.0340	1.7268e-05	7.4937e-07
2027.8060	1.9089e-05	7.8789e-07
2039.5780	2.0260e-05	8.1169e-07
2051.3500	2.0747e-05	8.2141e-07
2063.1220	2.1170e-05	8.2973e-07
2074.8940	2.2471e-05	8.5484e-07
2086.6660	2.4195e-05	8.8702e-07
2098.4380	2.4812e-05	8.9828e-07
2110.2100	2.5073e-05	9.0297e-07
2121.9820	2.6861e-05	9.3463e-07
2133.7540	2.7739e-05	9.4978e-07
2145.5260	2.8585e-05	9.6415e-07
2157.2980	2.7674e-05	9.4867e-07
2169.0700	2.8357e-05	9.6030e-07
2180.8420	2.9398e-05	9.7776e-07
2192.6140	3.1739e-05	1.0160e-06
2204.3860	3.1999e-05	1.0201e-06
2216.1580	3.2942e-05	1.0350e-06
2227.9300	3.5056e-05	1.0677e-06
2239.7020	3.4178e-05	1.0543e-06
2251.4740	3.5316e-05	1.0717e-06
2263.2460	3.4926e-05	1.0657e-06
2275.0180	3.7430e-05	1.1033e-06
2286.7900	3.4601e-05	1.0608e-06
2298.5620	3.8211e-05	1.1147e-06
2310.3340	3.6259e-05	1.0859e-06
2322.1060	3.6812e-05	1.0941e-06
2333.8780	3.8113e-05	1.1133e-06
2345.6500	3.8243e-05	1.1152e-06
2357.4220	3.6389e-05	1.0878e-06
2369.1940	3.6942e-05	1.0961e-06
2380.9660	3.8048e-05	1.1124e-06
2392.7380	3.8406e-05	1.1176e-06
2404.5100	3.7495e-05	1.1042e-06
2416.2820	3.8828e-05	1.1237e-06
2428.0540	3.8373e-05	1.1171e-06
2439.8260	4.0552e-05	1.1484e-06
2451.5980	4.0519e-05	1.1479e-06
2463.3700	4.1202e-05	1.1575e-06
2475.1420	4.1560e-05	1.1626e-06
2486.9140	3.9804e-05	1.1377e-06
2498.6860	3.9284e-05	1.1303e-06
2510.4580	4.0747e-05	1.1511e-06
2522.2300	4.1235e-05	1.1580e-06
2534.0020	4.2373e-05	1.1739e-06
2545.7740	4.2438e-05	1.1748e-06
2557.5460	4.2015e-05	1.1689e-06
2569.3180	4.1625e-05	1.1635e-06
2581.0900	4.2536e-05	1.1761e-06
2592.8620	4.2145e-05	1.1707e-06
2604.6340	4.4129e-05	1.1980e-06
2616.4060	4.0194e-05	1.1433e-06
2628.1780	4.0975e-05	1.1543e-06
2639.9500	3.9544e-05	1.1340e-06
2651.7220	4.1723e-05	1.1648e-06
2663.4940	3.9154e-05	1.1284e-06
2675.2660	3.7202e-05	1.0999e-06
2687.0380	3.8243e-05	1.1152e-06
2698.8100	3.9771e-05	1.1373e-06
2710.5820	3.8763e-05	1.1228e-06
2722.3540	4.0129e-05	1.1424e-06
2734.1260	3.7137e-05	1.0990e-06
2745.8980	3.8698e-05	1.1218e-06
2757.6700	3.8536e-05	1.1195e-06
2769.4420	3.8341e-05	1.1166e-06
2781.2140	3.9446e-05	1.1326e-06
2792.9860	3.9609e-05	1.1349e-06
2804.7580	3.6357e-05	1.0874e-06
2816.5300	3.6292e-05	1.0864e-06
2828.3020	3.6519e-05	1.0898e-06
2840.0740	3.5609e-05	1.0761e-06
2851.8460	3.7007e-05	1.0970e-06
2863.6180	3.7723e-05	1.1076e-06
2875.3900	3.7398e-05	1.1028e-06
2887.1620	3.9284e-05	1.1303e-06
2898.9340	3.6877e-05	1.0951e-06
2910.7060	3.5024e-05	1.0672e-06
2922.4780	3.7398e-05	1.1028e-06
2934.2500	3.5739e-05	1.0781e-06
2946.0220	3.5414e-05	1.0732e-06
2957.7940	3.5707e-05	1.0776e-06
2969.5660	3.5089e-05	1.0682e-06
2981.3380	3.5511e-05	1.0746e-06
2993.1100	3.5609e-05	1.0761e-06
3004.8820	3.3560e-05	1.0447e-06
3016.6540	3.4894e-05	1.0652e-06
3028.4260	3.5154e-05	1.0692e-06
3040.1980	3.3723e-05	1.0472e-06
3051.9700	3.2357e-05	1.0258e-06
3063.7420	3.4828e-05	1.0643e-06
3075.5140	3.4666e-05	1.0618e-06
3087.2860	3.3918e-05	1.0502e-06
3099.0580	3.4373e-05	1.0573e-06
3110.8300	3.3365e-05	1.0417e-06
3122.6020	3.4373e-05	1.0573e-06
3134.3740	3.4568e-05	1.0603e-06
3146.1460	3.2650e-05	1.0304e-06
3157.9180	3.3235e-05	1.0396e-06
3169.6900	3.4503e-05	1.0593e-06
3181.4620	3.2422e-05	1.0268e-06
3193.2340	3.3723e-05	1.0472e-06
3205.0060	3.3658e-05	1.0462e-06
3216.7780	3.2975e-05	1.0355e-06
3228.5500	3.4081e-05	1.0528e-06
3240.3220	3.1446e-05	1.0113e-06
3252.0940	3.1609e-05	1.0139e-06
3263.8660	3.2292e-05	1.0248e-06
3275.6380	3.1511e-05	1.0123e-06
3287.4100	3.2357e-05	1.0258e-06
3299.1820	3.1349e-05	1.0097e-06
3310.9540	3.1869e-05	1.0180e-06
3322.7260	3.0568e-05	9.9704e-07
3334.4980	3.2032e-05	1.0206e-06
3346.2700	3.3235e-05	1.0396e-06
3358.0420	3.1739e-05	1.0160e-06
3369.8140	3.1219e-05	1.0076e-06
3381.5860	3.1284e-05	1.0086e-06
3393.3580	3.1837e-05	1.0175e-06
3405.1300	3.1381e-05	1.0102e-06
3416.9020	3.1902e-05	1.0186e-06
3428.6740	3.1739e-05	1.0160e-06
3440.4460	3.0861e-05	1.0018e-06
3452.2180	3.0764e-05	1.0002e-06
3463.9900	3.1999e-05	1.0201e-06
3475.7620	3.1186e-05	1.0071e-06
3487.5340	3.1284e-05	1.0086e-06
3499.3060	3.1609e-05	1.0139e-06
3511.0780	3.0341e-05	9.9332e-07
3522.8500	3.0178e-05	9.9066e-07
3534.6220	2.9723e-05	9.8316e-07
3546.3940	3.1674e-05	1.0149e-06
3558.1660	3.0698e-05	9.9916e-07
3569.9380	3.0308e-05	9.9279e-07
3581.7100	3.0796e-05	1.0007e-06
3593.4820	3.1869e-05	1.0180e-06
3605.2540	3.1446e-05	1.0113e-06
3617.0260	3.0146e-05	9.9012e-07
3628.7980	3.0959e-05	1.0034e-06
3640.5700	3.0601e-05	9.9757e-07
3652.3420	3.0503e-05	9.9598e-07
3664.1140	2.8715e-05	9.6634e-07
3675.8860	3.3105e-05	1.0376e-06
3687.6580	3.0991e-05	1.0039e-06
3699.4300	3.0146e-05	9.9012e-07
3711.2020	2.9073e-05	9.7234e-07
3722.9740	3.0503e-05	9.9598e-07
3734.7460	3.0471e-05	9.9545e-07
3746.5180	3.0308e-05	9.9279e-07
3758.2900	2.8747e-05	9.6689e-07
3770.0620	2.9333e-05	9.7668e-07
3781.8340	2.9300e-05	9.7614e-07
3793.6060	2.8812e-05	9.6798e-07
3805.3780	3.0666e-05	9.9863e-07
3817.1500	2.9560e-05	9.8046e-07
3828.9220	2.9300e-05	9.7614e-07
3840.6940	2.9430e-05	9.7830e-07
3852.4660	2.7447e-05	9.4476e-07
3864.2380	2.8064e-05	9.5533e-07
3876.0100	3.0341e-05	9.9332e-07
3887.7820	2.9268e-05	9.7560e-07
3899.5540	2.9040e-05	9.7180e-07
3911.3260	2.8715e-05	9.6634e-07
3923.0980	2.8487e-05	9.6250e-07
3934.8700	2.7414e-05	9.4420e-07
3946.6420	2.8585e-05	9.6415e-07
3958.4140	2.7772e-05	9.5034e-07
3970.1860	3.0991e-05	1.0039e-06
3981.9580	2.8942e-05	9.7016e-07
3993.7300	2.9365e-05	9.7722e-07
4005.5020	2.9007e-05	9.7125e-07
4017.2740	2.9073e-05	9.7234e-07
4029.0460	2.8780e-05	9.6743e-07
4040.8180	2.9007e-05	9.7125e-07
4052.5900	2.7642e-05	9.4811e-07
4064.3620	2.8162e-05	9.5699e-07
4076.1340	2.8650e-05	9.6524e-07
4087.9060	2.6796e-05	9.3350e-07
4099.6780	2.7804e-05	9.5089e-07
4111.4500	2.8487e-05	9.6250e-07
4123.2220	2.8650e-05	9.6524e-07
4134.9940	2.8715e-05	9.6634e-07
4146.7660	2.8520e-05	9.6305e-07
4158.5380	2.9398e-05	9.7776e-07
4170.3100	2.8292e-05	9.5920e-07
4182.0820	3.0568e-05	9.9704e-07
4193.8540	2.6796e-05	9.3350e-07
4205.6260	2.6861e-05	9.3463e-07
4217.3980	2.8747e-05	9.6689e-07
4229.1700	2.6113e-05	9.2152e-07
4240.9420	2.8455e-05	9.6195e-07
4252.7140	2.8975e-05	9.7071e-07
4264.4860	2.7414e-05	9.4420e-07
4276.2580	2.8162e-05	9.5699e-07
4288.0300	2.6926e-05	9.3576e-07
4299.8020	2.8357e-05	9.6030e-07
4311.5740	2.7837e-05	9.5145e-07
4323.3460	2.6991e-05	9.3689e-07
4335.1180	2.6146e-05	9.2210e-07
4346.8900	2.6991e-05	9.3689e-07
4358.6620	2.9040e-05	9.7180e-07
4370.4340	2.6764e-05	9.3293e-07
4382.2060	2.8227e-05	9.5810e-07
4393.9780	2.4877e-05	8.9945e-07
4405.7500	2.8227e-05	9.5810e-07
4417.5220	2.8032e-05	9.5478e-07
4429.2940	2.7707e-05	9.4922e-07
4441.0660	2.7349e-05	9.4308e-07
4452.8380	2.7414e-05	9.4420e-07
4464.6100	2.7544e-05	9.4643e-07
4476.3820	2.7251e-05	9.4139e-07
4488.1540	2.7154e-05	9.3971e-07
4499.9260	2.6113e-05	9.2152e-07
4511.6980	2.5951e-05	9.1865e-07
4523.4700	2.5430e-05	9.0939e-07
4535.2420	2.7447e-05	9.4476e-07
4547.0140	2.8162e-05	9.5699e-07
4558.7860	2.6146e-05	9.2210e-07
4570.5580	2.7414e-05	9.4420e-07
4582.3300	2.5853e-05	9.1692e-07
4594.1020	2.6634e-05	9.3066e-07
4605.8740	2.6276e-05	9.2439e-07
4617.6460	2.5495e-05	9.1056e-07
4629.4180	2.7381e-05	9.4364e-07
4641.1900	2.6016e-05	9.1980e-07
4652.9620	2.7154e-05	9.3971e-07
4664.7340	2.7999e-05	9.5422e-07
4676.5060	2.6243e-05	9.2382e-07
4688.2780	2.7284e-05	9.4195e-07
4700.0500	2.6829e-05	9.3406e-07
4711.8220	2.6601e-05	9.3009e-07
4723.5940	2.6471e-05	9.2781e-07
4735.3660	2.8129e-05	9.5644e-07
4747.1380	2.6699e-05	9.3179e-07
4758.9100	2.8260e-05	9.5865e-07
4770.6820	2.6146e-05	9.2210e-07
4782.4540	2.6081e-05	9.2095e-07
4794.2260	2.6536e-05	9.2895e-07
4805.9980	2.5430e-05	9.0939e-07
4817.7700	2.6048e-05	9.2038e-07
4829.5420	2.5268e-05	9.0648e-07
4841.3140	2.5203e-05	9.0531e-07
4853.0860	2.5658e-05	9.1345e-07
4864.8580	2.7479e-05	9.4532e-07
4876.6300	2.7902e-05	9.5256e-07
4888.4020	2.6113e-05	9.2152e-07
4900.1740	2.5821e-05	9.1634e-07
4911.9460	2.5625e-05	9.1288e-07
4923.7180	2.6926e-05	9.3576e-07
4935.4900	2.5138e-05	9.0415e-07
4947.2620	2.5560e-05	9.1172e-07
4959.0340	2.7381e-05	9.4364e-07
4970.8060	2.4260e-05	8.8821e-07
4982.5780	2.7251e-05	9.4139e-07
4994.3500	2.6926e-05	9.3576e-07
5006.1220	2.5333e-05	9.0765e-07
5017.8940	2.6569e-05	9.2952e-07
5029.6660	2.5788e-05	9.1577e-07
5041.4380	2.6178e-05	9.2267e-07
5053.2100	2.7154e-05	9.3971e-07
5064.9820	2.5105e-05	9.0356e-07
5076.7540	2.5463e-05	9.0997e-07
5088.5260	2.5625e-05	9.1288e-07
5100.2980	2.7772e-05	9.5034e-07
5112.0700	2.6959e-05	9.3632e-07
5123.8420	2.5463e-05	9.0997e-07
5135.6140	2.6569e-05	9.2952e-07
5147.3860	2.4585e-05	8.9415e-07
5159.1580	2.5463e-05	9.0997e-07
5170.9300	2.4552e-05	8.9356e-07
5182.7020	2.6503e-05	9.2838e-07
5194.4740	2.6699e-05	9.3179e-07
5206.2460	2.6276e-05	9.2439e-07
5218.0180	2.6113e-05	9.2152e-07
5229.7900	2.5430e-05	9.0939e-07
5241.5620	2.6536e-05	9.2895e-07
5253.3340	2.5235e-05	9.0590e-07
5265.1060	2.5625e-05	9.1288e-07
5276.8780	2.6731e-05	9.3236e-07
5288.6500	2.3317e-05	8.7078e-07
5300.4220	2.5821e-05	9.1634e-07
5312.1940	2.5690e-05	9.1403e-07
5323.9660	2.4715e-05	8.9651e-07
5335.7380	2.5170e-05	9.0473e-07
5347.5100	2.6503e-05	9.2838e-07
5359.2820	2.5203e-05	9.0531e-07
5371.0540	2.5105e-05	9.0356e-07
5382.8260	2.5918e-05	9.1807e-07
5394.5980	2.4487e-05	8.9237e-07
5406.3700	2.4487e-05	8.9237e-07
5418.1420	2.6276e-05	9.2439e-07
5429.9140	2.7219e-05	9.4083e-07
5441.6860	2.5625e-05	9.1288e-07
5453.4580	2.4877e-05	8.9945e-07
5465.2300	2.5788e-05	9.1577e-07
5477.0020	2.5105e-05	9.0356e-07
5488.7740	2.3902e-05	8.8164e-07
5500.5460	2.3609e-05	8.7623e-07
5512.3180	2.5333e-05	9.0765e-07
5524.0900	2.5690e-05	9.1403e-07
5535.8620	2.5300e-05	9.0706e-07
5547.6340	2.4357e-05	8.9000e-07
5559.4060	2.5398e-05	9.0881e-07
5571.1780	2.5528e-05	9.1114e-07
5582.9500	2.4585e-05	8.9415e-07
5594.7220	2.5593e-05	9.1230e-07
5606.4940	2.7512e-05	9.4588e-07
5618.2660	2.4650e-05	8.9533e-07
5630.0380	2.7154e-05	9.3971e-07
5641.8100	2.6146e-05	9.2210e-07
5653.5820	2.5528e-05	9.1114e-07
5665.3540	2.5528e-05	9.1114e-07
5677.1260	3.1154e-05	1.0065e-06
5688.8980	2.9300e-05	9.7614e-07
5700.6700	3.0438e-05	9.9492e-07
5712.4420	3.1349e-05	1.0097e-06
5724.2140	3.1479e-05	1.0118e-06
5735.9860	3.3170e-05	1.0386e-06
5747.7580	3.1609e-05	1.0139e-06
5759.5300	3.1577e-05	1.0133e-06
5771.3020	3.5056e-05	1.0677e-06
5783.0740	3.5121e-05	1.0687e-06
5794.8460	3.5609e-05	1.0761e-06
5806.6180	3.5674e-05	1.0771e-06
5818.3900	3.6747e-05	1.0932e-06
5830.1620	3.7072e-05	1.0980e-06
5841.9340	3.4503e-05	1.0593e-06
5853.7060	3.5154e-05	1.0692e-06
5865.4780	3.5251e-05	1.0707e-06
5877.2500	3.4211e-05	1.0548e-06
5889.0220	3.3755e-05	1.0477e-06
5900.7940	3.1251e-05	1.0081e-06
5912.5660	2.9788e-05	9.8423e-07
5924.3380	3.0861e-05	1.0018e-06
5936.1100	2.9170e-05	9.7397e-07
5947.8820	2.9658e-05	9.8208e-07
5959.6540	2.8455e-05	9.6195e-07
5971.4260	2.6016e-05	9.1980e-07
5983.1980	2.4650e-05	8.9533e-07
5994.9700	2.6048e-05	9.2038e-07
6006.7420	2.6634e-05	9.3066e-07
6018.5140	2.4064e-05	8.8464e-07
6030.2860	2.4455e-05	8.9178e-07
6042.0580	2.3609e-05	8.7623e-07
6053.8300	2.3674e-05	8.7743e-07
6065.6020	2.5625e-05	9.1288e-07
6077.3740	2.4064e-05	8.8464e-07
6089.1460	2.4487e-05	8.9237e-07
6100.9180	2.4357e-05	8.9000e-07
6112.6900	2.3544e-05	8.7502e-07
6124.4620	2.5430e-05	9.0939e-07
6136.2340	2.2861e-05	8.6224e-07
6148.0060	2.2146e-05	8.4864e-07
6159.7780	2.4130e-05	8.8583e-07
6171.5500	2.1365e-05	8.3355e-07
6183.3220	2.2569e-05	8.5670e-07
6195.0940	2.4585e-05	8.9415e-07
6206.8660	2.4780e-05	8.9769e-07
6218.6380	2.4682e-05	8.9592e-07
6230.4100	2.4780e-05	8.9769e-07
6242.1820	2.6341e-05	9.2553e-07
6253.9540	2.5593e-05	9.1230e-07
6265.7260	2.6308e-05	9.2496e-07
6277.4980	2.7674e-05	9.4867e-07
6289.2700	3.0536e-05	9.9651e-07
6301.0420	2.8617e-05	9.6470e-07
6312.8140	3.1381e-05	1.0102e-06
6324.5860	3.0211e-05	9.9119e-07
6336.3580	3.1869e-05	1.0180e-06
6348.1300	3.2877e-05	1.0340e-06
6359.9020	3.4015e-05	1.0518e-06
6371.6740	3.5446e-05	1.0737e-06
6383.4460	3.4048e-05	1.0523e-06
6395.2180	3.5479e-05	1.0741e-06
6406.9900	3.5804e-05	1.0791e-06
6418.7620	3.5381e-05	1.0727e-06
6430.5340	3.4113e-05	1.0533e-06
6442.3060	3.5479e-05	1.0741e-06
6454.0780	3.5707e-05	1.0776e-06
6465.8500	3.3918e-05	1.0502e-06
6477.6220	3.3495e-05	1.0437e-06
6489.3940	3.3170e-05	1.0386e-06
6501.1660	3.2910e-05	1.0345e-06
6512.9380	3.0731e-05	9.9969e-07
6524.7100	3.1381e-05	1.0102e-06
6536.4820	3.0276e-05	9.9226e-07
6548.2540	3.1186e-05	1.0071e-06
6560.0260	2.8910e-05	9.6962e-07
6571.7980	2.7869e-05	9.5201e-07
6583.5700	2.8747e-05	9.6689e-07
6595.3420	2.8227e-05	9.5810e-07
6607.1140	2.5528e-05	9.1114e-07
6618.8860	2.6373e-05	9.2610e-07
6630.6580	2.5333e-05	9.0765e-07
6642.4300	2.5788e-05	9.1577e-07
6654.2020	2.5268e-05	9.0648e-07
6665.9740	2.4617e-05	8.9474e-07
6677.7460	2.3902e-05	8.8164e-07
6689.5180	2.4585e-05	8.9415e-07
6701.2900	2.5268e-05	9.0648e-07
6713.0620	2.2016e-05	8.4614e-07
6724.8340	2.6991e-05	9.3689e-07
6736.6060	2.4455e-05	8.9178e-07
6748.3780	2.5398e-05	9.0881e-07
6760.1500	2.5300e-05	9.0706e-07
6771.9220	2.5821e-05	9.1634e-07
6783.6940	2.4780e-05	8.9769e-07
6795.4660	2.4747e-05	8.9710e-07
6807.2380	2.4943e-05	9.0063e-07
6819.0100	2.6048e-05	9.2038e-07
6830.7820	2.5723e-05	9.1461e-07
6842.5540	2.3252e-05	8.6956e-07
6854.3260	2.5333e-05	9.0765e-07
6866.0980	2.4520e-05	8.9296e-07
6877.8700	2.4943e-05	9.0063e-07
6889.6420	2.5073e-05	9.0297e-07
6901.4140	2.3317e-05	8.7078e-07
6913.1860	2.4292e-05	8.8881e-07
6924.9580	2.4325e-05	8.8940e-07
6936.7300	2.4357e-05	8.9000e-07
6948.5020	2.2569e-05	8.5670e-07
6960.2740	2.3642e-05	8.7683e-07
6972.0460	2.3772e-05	8.7924e-07
6983.8180	2.4325e-05	8.8940e-07
6995.5900	2.3967e-05	8.8284e-07
7007.3620	2.2178e-05	8.4926e-07
7019.1340	2.3837e-05	8.8044e-07
7030.9060	2.4227e-05	8.8762e-07
7042.6780	2.2829e-05	8.6162e-07
7054.4500	2.3121e-05	8.6713e-07
7066.2220	2.4064e-05	8.8464e-07
7077.9940	2.2243e-05	8.5050e-07
7089.7660	2.2926e-05	8.6346e-07
7101.5380	2.2861e-05	8.6224e-07
7113.3100	2.2731e-05	8.5978e-07
7125.0820	2.2341e-05	8.5237e-07
7136.8540	2.2796e-05	8.6101e-07
7148.6260	2.3869e-05	8.8104e-07
7160.3980	2.2861e-05	8.6224e-07
7172.1700	2.1593e-05	8.3798e-07
7183.9420	2.0943e-05	8.2526e-07
7195.7140	2.3642e-05	8.7683e-07
7207.4860	2.2764e-05	8.6039e-07
7219.2580	2.2471e-05	8.5484e-07
7231.0300	2.4357e-05	8.9000e-07
7242.8020	2.3772e-05	8.7924e-07
7254.5740	2.3186e-05	8.6835e-07
7266.3460	2.2829e-05	8.6162e-07
7278.1180	2.2666e-05	8.5855e-07
7289.8900	2.3121e-05	8.6713e-07
7301.6620	2.2569e-05	8.5670e-07
7313.4340	2.2829e-05	8.6162e-07
7325.2060	2.3577e-05	8.7562e-07
7336.9780	2.4585e-05	8.9415e-07
7348.7500	2.2178e-05	8.4926e-07
7360.5220	2.3512e-05	8.7441e-07
7372.2940	2.4227e-05	8.8762e-07
7384.0660	2.4682e-05	8.9592e-07
7395.8380	2.2341e-05	8.5237e-07
7407.6100	2.2829e-05	8.6162e-07
7419.3820	2.3869e-05	8.8104e-07
7431.1540	2.3186e-05	8.6835e-07
7442.9260	2.2504e-05	8.5546e-07
7454.6980	2.5333e-05	9.0765e-07
7466.4700	2.4715e-05	8.9651e-07
7478.2420	2.4455e-05	8.9178e-07
7490.0140	2.6048e-05	9.2038e-07
7501.7860	2.5853e-05	9.1692e-07
7513.5580	2.4422e-05	8.9119e-07
7525.3300	2.3056e-05	8.6591e-07
7537.1020	2.3544e-05	8.7502e-07
7548.8740	2.4455e-05	8.9178e-07
7560.6460	2.2731e-05	8.5978e-07
7572.4180	2.3544e-05	8.7502e-07
7584.1900	2.2406e-05	8.5361e-07
7595.9620	2.2764e-05	8.6039e-07
7607.7340	2.4520e-05	8.9296e-07
7619.5060	2.2113e-05	8.4801e-07
7631.2780	2.2406e-05	8.5361e-07
7643.0500	2.3252e-05	8.6956e-07
7654.8220	2.2894e-05	8.6285e-07
7666.5940	2.3414e-05	8.7260e-07
7678.3660	2.3219e-05	8.6896e-07
7690.1380	2.1951e-05	8.4489e-07
7701.9100	2.2081e-05	8.4739e-07
7713.6820	2.2731e-05	8.5978e-07
7725.4540	2.3382e-05	8.7199e-07
7737.2260	2.3154e-05	8.6774e-07
7748.9980	2.4097e-05	8.8523e-07
7760.7700	2.3772e-05	8.7924e-07
7772.5420	2.2243e-05	8.5050e-07
7784.3140	2.1951e-05	8.4489e-07
7796.0860	2.2373e-05	8.5299e-07
7807.8580	2.4487e-05	8.9237e-07
7819.6300	2.3349e-05	8.7139e-07
7831.4020	2.4292e-05	8.8881e-07
7843.1740	2.3577e-05	8.7562e-07
7854.9460	2.4130e-05	8.8583e-07
7866.7180	2.4943e-05	9.0063e-07
7878.4900	2.5495e-05	9.1056e-07
7890.2620	2.2959e-05	8.6407e-07
7902.0340	2.4812e-05	8.9828e-07
7913.8060	2.5756e-05	9.1519e-07
7925.5780	2.6243e-05	9.2382e-07
7937.3500	2.6601e-05	9.3009e-07
7949.1220	2.6503e-05	9.2838e-07
7960.8940	2.6146e-05	9.2210e-07
7972.6660	2.6991e-05	9.3689e-07
7984.4380	2.6243e-05	9.2382e-07
7996.2100	2.6959e-05	9.3632e-07
8007.9820	2.6471e-05	9.2781e-07
8019.7540	2.7934e-05	9.5312e-07
8031.5260	2.9138e-05	9.7343e-07
8043.2980	2.7577e-05	9.4699e-07
8055.0700	2.8487e-05	9.6250e-07
8066.8420	2.8227e-05	9.5810e-07
8078.6140	2.7186e-05	9.4027e-07
8090.3860	2.6894e-05	9.3519e-07
8102.1580	2.8194e-05	9.5754e-07
8113.9300	2.7154e-05	9.3971e-07
8125.7020	2.5658e-05	9.1345e-07
8137.4740	2.4455e-05	8.9178e-07
8149.2460	2.5495e-05	9.1056e-07
8161.0180	2.4260e-05	8.8821e-07
8172.7900	2.5300e-05	9.0706e-07
8184.5620	2.3349e-05	8.7139e-07
8196.3340	2.2178e-05	8.4926e-07
8208.1060	2.1853e-05	8.4301e-07
8219.8780	2.4910e-05	9.0004e-07
8231.6500	2.2829e-05	8.6162e-07
8243.4220	2.1723e-05	8.4050e-07
8255.1940	2.2504e-05	8.5546e-07
8266.9660	2.4162e-05	8.8643e-07
8278.7380	2.1951e-05	8.4489e-07
8290.5100	2.3967e-05	8.8284e-07
8302.2820	2.0878e-05	8.2398e-07
8314.0540	2.3121e-05	8.6713e-07
8325.8260	2.2373e-05	8.5299e-07
8337.5980	2.3056e-05	8.6591e-07
8349.3700	2.2959e-05	8.6407e-07
8361.1420	2.2991e-05	8.6468e-07
8372.9140	2.3609e-05	8.7623e-07
8384.6860	2.1398e-05	8.3418e-07
8396.4580	2.2796e-05	8.6101e-07
8408.2300	2.2439e-05	8.5423e-07
8420.0020	2.2504e-05	8.5546e-07
8431.7740	2.2829e-05	8.6162e-07
8443.5460	2.3902e-05	8.8164e-07
8455.3180	2.3382e-05	8.7199e-07
8467.0900	2.3089e-05	8.6652e-07
8478.8620	2.4747e-05	8.9710e-07
8490.6340	2.3902e-05	8.8164e-07
8502.4060	2.5886e-05	9.1750e-07
8514.1780	2.6048e-05	9.2038e-07
8525.9500	2.5300e-05	9.0706e-07
8537.7220	2.5886e-05	9.1750e-07
8549.4940	2.7707e-05	9.4922e-07
8561.2660	2.6959e-05	9.3632e-07
8573.0380	2.8845e-05	9.6852e-07
8584.8100	2.8780e-05	9.6743e-07
8596.5820	2.7512e-05	9.4588e-07
8608.3540	3.1316e-05	1.0092e-06
8620.1260	2.9268e-05	9.7560e-07
8631.8980	3.0341e-05	9.9332e-07
8643.6700	2.9170e-05	9.7397e-07
8655.4420	3.0048e-05	9.8852e-07
8667.2140	2.9007e-05	9.7125e-07
8678.9860	2.8747e-05	9.6689e-07
8690.7580	2.9040e-05	9.7180e-07
8702.5300	2.8129e-05	9.5644e-07
8714.3020	2.6536e-05	9.2895e-07
8726.0740	2.6601e-05	9.3009e-07
8737.8460	2.6211e-05	9.2324e-07
8749.6180	2.5918e-05	9.1807e-07
8761.3900	2.3967e-05	8.8284e-07
8773.1620	2.4520e-05	8.9296e-07
8784.9340	2.3447e-05	8.7320e-07
8796.7060	2.4130e-05	8.8583e-07
8808.4780	2.3804e-05	8.7984e-07
8820.2500	2.4260e-05	8.8821e-07
8832.0220	2.3024e-05	8.6530e-07
8843.7940	2.3674e-05	8.7743e-07
8855.5660	2.2959e-05	8.6407e-07
8867.3380	2.3252e-05	8.6956e-07
8879.1100	2.2536e-05	8.5608e-07
8890.8820	2.3479e-05	8.7381e-07
8902.6540	2.3219e-05	8.6896e-07
8914.4260	2.1008e-05	8.2654e-07
8926.1980	2.2764e-05	8.6039e-07
8937.9700	2.3252e-05	8.6956e-07
8949.7420	2.2211e-05	8.4988e-07
8961.5140	2.2308e-05	8.5175e-07
8973.2860	2.2406e-05	8.5361e-07
8985.0580	2.2048e-05	8.4677e-07
8996.8300	2.2829e-05	8.6162e-07
9008.6020	2.1691e-05	8.3987e-07
9020.3740	2.2471e-05	8.5484e-07
9032.1460	2.2308e-05	8.5175e-07
9043.9180	2.3317e-05	8.7078e-07
9055.6900	2.1853e-05	8.4301e-07
9067.4620	2.1300e-05	8.3228e-07
9079.2340	2.2081e-05	8.4739e-07
9091.0060	2.1105e-05	8.2846e-07
9102.7780	2.1105e-05	8.2846e-07
9114.5500	2.3024e-05	8.6530e-07
9126.3220	2.2536e-05	8.5608e-07
9138.0940	2.2829e-05	8.6162e-07
9149.8660	2.1495e-05	8.3608e-07
9161.6380	2.1138e-05	8.2910e-07
9173.4100	2.2699e-05	8.5916e-07
9185.1820	2.2341e-05	8.5237e-07
9196.9540	2.2731e-05	8.5978e-07
9208.7260	2.2146e-05	8.4864e-07
9220.4980	2.0292e-05	8.1234e-07
9232.2700	2.3544e-05	8.7502e-07
9244.0420	2.1983e-05	8.4552e-07
9255.8140	2.3382e-05	8.7199e-07
9267.5860	2.1788e-05	8.4175e-07
9279.3580	2.2081e-05	8.4739e-07
9291.1300	2.2373e-05	8.5299e-07
9302.9020	1.9739e-05	8.0120e-07
9314.6740	2.1756e-05	8.4113e-07
9326.4460	2.0975e-05	8.2590e-07
9338.2180	2.1788e-05	8.4175e-07
9349.9900	2.2471e-05	8.5484e-07
9361.7620	2.1430e-05	8.3482e-07
9373.5340	2.2894e-05	8.6285e-07
9385.3060	2.1853e-05	8.4301e-07
9397.0780	2.2439e-05	8.5423e-07
9408.8500	2.0065e-05	8.0777e-07
9420.6220	2.2829e-05	8.6162e-07
9432.3940	2.1626e-05	8.3861e-07
9444.1660	2.1203e-05	8.3037e-07
9455.9380	2.3609e-05	8.7623e-07
9467.7100	2.2796e-05	8.6101e-07
9479.4820	2.2764e-05	8.6039e-07
9491.2540	2.2731e-05	8.5978e-07
9503.0260	2.4943e-05	9.0063e-07
9514.7980	2.3902e-05	8.8164e-07
9526.5700	2.3219e-05	8.6896e-07
9538.3420	2.3349e-05	8.7139e-07
9550.1140	2.3121e-05	8.6713e-07
9561.8860	2.2894e-05	8.6285e-07
9573.6580	2.4162e-05	8.8643e-07
9585.4300	2.4552e-05	8.9356e-07
9597.2020	2.4715e-05	8.9651e-07
9608.9740	2.4812e-05	8.9828e-07
9620.7460	2.3642e-05	8.7683e-07
9632.5180	2.4747e-05	8.9710e-07
9644.2900	2.3447e-05	8.7320e-07
9656.0620	2.3674e-05	8.7743e-07
9667.8340	2.3577e-05	8.7562e-07
9679.6060	2.4585e-05	8.9415e-07
9691.3780	2.2926e-05	8.6346e-07
9703.1500	2.3317e-05	8.7078e-07
9714.9220	2.4325e-05	8.8940e-07
9726.6940	2.3674e-05	8.7743e-07
9738.4660	2.3512e-05	8.7441e-07
9750.2380	2.2861e-05	8.6224e-07
9762.0100	2.2439e-05	8.5423e-07
9773.7820	2.2439e-05	8.5423e-07
9785.5540	2.3056e-05	8.6591e-07
9797.3260	2.2146e-05	8.4864e-07
9809.0980	2.2569e-05	8.5670e-07
9820.8700	2.2081e-05	8.4739e-07
9832.6420	2.4455e-05	8.9178e-07
9844.4140	2.2959e-05	8.6407e-07
9856.1860	2.3967e-05	8.8284e-07
9867.9580	2.2341e-05	8.5237e-07
9879.7300	2.2471e-05	8.5484e-07
9891.5020	2.4260e-05	8.8821e-07
9903.2740	2.1105e-05	8.2846e-07
9915.0460	2.2373e-05	8.5299e-07
9926.8180	2.2796e-05	8.6101e-07
9938.5900	2.0357e-05	8.1365e-07
9950.3620	2.2341e-05	8.5237e-07
9962.1340	2.1658e-05	8.3924e-07
9973.9060	2.2178e-05	8.4926e-07
9985.6780	2.0747e-05	8.2141e-07
9997.4500	2.1268e-05	8.3164e-07
10009.2220	2.0845e-05	8.2334e-07
10020.9940	2.0585e-05	8.1818e-07
10032.7660	2.0617e-05	8.1883e-07
10044.5380	2.2048e-05	8.4677e-07
10056.3100	2.3967e-05	8.8284e-07
10068.0820	2.2439e-05	8.5423e-07
10079.8540	2.2113e-05	8.4801e-07
10091.6260	2.1658e-05	8.3924e-07
10103.3980	2.2211e-05	8.4988e-07
10115.1700	2.1235e-05	8.3101e-07
10126.9420	2.1918e-05	8.4426e-07
10138.7140	2.1983e-05	8.4552e-07
10150.4860	2.1853e-05	8.4301e-07
10162.2580	2.1333e-05	8.3291e-07
10174.0300	2.2016e-05	8.4614e-07
10185.8020	2.1983e-05	8.4552e-07
10197.5740	2.1073e-05	8.2782e-07
10209.3460	2.3577e-05	8.7562e-07
10221.1180	2.1268e-05	8.3164e-07
10232.8900	2.2016e-05	8.4614e-07
10244.6620	2.1756e-05	8.4113e-07
10256.4340	2.1170e-05	8.2973e-07
10268.2060	2.2211e-05	8.4988e-07
10279.9780	2.1235e-05	8.3101e-07
10291.7500	2.1626e-05	8.3861e-07
10303.5220	2.2016e-05	8.4614e-07
10315.2940	2.0325e-05	8.1299e-07
10327.0660	2.1691e-05	8.3987e-07
10338.8380	2.1105e-05	8.2846e-07
10350.6100	2.0747e-05	8.2141e-07
10362.3820	2.2959e-05	8.6407e-07
10374.1540	2.2146e-05	8.4864e-07
10385.9260	2.2341e-05	8.5237e-07
10397.6980	2.2016e-05	8.4614e-07
10409.4700	2.0943e-05	8.2526e-07
10421.2420	2.2926e-05	8.6346e-07
10433.0140	2.1560e-05	8.3735e-07
10444.7860	2.2146e-05	8.4864e-07
10456.5580	2.0650e-05	8.1947e-07
10468.3300	2.2211e-05	8.4988e-07
10480.1020	2.2113e-05	8.4801e-07
10491.8740	2.3642e-05	8.7683e-07
10503.6460	2.4650e-05	8.9533e-07
10515.4180	2.3284e-05	8.7017e-07
10527.1900	2.2634e-05	8.5793e-07
10538.9620	2.0357e-05	8.1365e-07
10550.7340	2.2894e-05	8.6285e-07
10562.5060	2.1593e-05	8.3798e-07
10574.2780	2.1821e-05	8.4238e-07
10586.0500	2.3089e-05	8.6652e-07
10597.8220	2.3447e-05	8.7320e-07
10609.5940	2.3186e-05	8.6835e-07
10621.3660	2.4910e-05	9.0004e-07
10633.1380	2.2991e-05	8.6468e-07
10644.9100	2.1983e-05	8.4552e-07
10656.6820	2.3154e-05	8.6774e-07
10668.4540	2.2439e-05	8.5423e-07
10680.2260	2.2634e-05	8.5793e-07
10691.9980	2.1723e-05	8.4050e-07
10703.7700	2.0390e-05	8.1429e-07
10715.5420	2.1886e-05	8.4364e-07
10727.3140	2.1268e-05	8.3164e-07
10739.0860	2.2829e-05	8.6162e-07
10750.8580	2.3089e-05	8.6652e-07
10762.6300	2.0552e-05	8.1754e-07
10774.4020	2.1626e-05	8.3861e-07
10786.1740	2.1430e-05	8.3482e-07
10797.9460	2.1626e-05	8.3861e-07
10809.7180	2.0780e-05	8.2205e-07
10821.4900	2.1788e-05	8.4175e-07
10833.2620	2.0878e-05	8.2398e-07
10845.0340	2.0813e-05	8.2269e-07
10856.8060	2.2699e-05	8.5916e-07
10868.5780	2.0747e-05	8.2141e-07
10880.3500	2.1853e-05	8.4301e-07
10892.1220	1.9414e-05	7.9457e-07
10903.8940	2.1463e-05	8.3545e-07
10915.6660	2.0162e-05	8.0974e-07
10927.4380	2.2406e-05	8.5361e-07
10939.2100	2.0195e-05	8.1039e-07
10950.9820	2.2146e-05	8.4864e-07
10962.7540	2.0617e-05	8.1883e-07
10974.5260	2.2829e-05	8.6162e-07
10986.2980	2.1788e-05	8.4175e-07
10998.0700	2.2406e-05	8.5361e-07
11009.8420	2.0715e-05	8.2076e-07
11021.6140	2.3707e-05	8.7804e-07
11033.3860	2.3544e-05	8.7502e-07
11045.1580	2.1463e-05	8.3545e-07
11056.9300	2.1365e-05	8.3355e-07
11068.7020	2.2829e-05	8.6162e-07
11080.4740	2.1983e-05	8.4552e-07
11092.2460	2.2926e-05	8.6346e-07
11104.0180	2.1918e-05	8.4426e-07
11115.7900	2.3317e-05	8.7078e-07
11127.5620	2.2536e-05	8.5608e-07
11139.3340	2.2081e-05	8.4739e-07
11151.1060	2.2829e-05	8.6162e-07
11162.8780	2.2894e-05	8.6285e-07
11174.6500	2.4195e-05	8.8702e-07
11186.4220	2.4780e-05	8.9769e-07
11198.1940	2.1593e-05	8.3798e-07
11209.9660	2.3024e-05	8.6530e-07
11221.7380	2.2211e-05	8.4988e-07
11233.5100	2.3674e-05	8.7743e-07
11245.2820	2.2373e-05	8.5299e-07
11257.0540	2.3447e-05	8.7320e-07
11268.8260	2.3934e-05	8.8224e-07
11280.5980	2.1756e-05	8.4113e-07
11292.3700	2.3869e-05	8.8104e-07
11304.1420	2.1333e-05	8.3291e-07
11315.9140	2.4227e-05	8.8762e-07
11327.6860	2.1593e-05	8.3798e-07
11339.4580	2.2341e-05	8.5237e-07
11351.2300	2.3186e-05	8.6835e-07
11363.0020	2.3186e-05	8.6835e-07
11374.7740	2.3609e-05	8.7623e-07
11386.5460	2.2341e-05	8.5237e-07
11398.3180	2.3121e-05	8.6713e-07
11410.0900	2.2959e-05	8.6407e-07
11421.8620	2.2504e-05	8.5546e-07
11433.6340	2.4422e-05	8.9119e-07
11445.4060	2.2406e-05	8.5361e-07
11457.1780	2.2211e-05	8.4988e-07
11468.9500	2.2406e-05	8.5361e-07
11480.7220	2.3121e-05	8.6713e-07
11492.4940	2.4650e-05	8.9533e-07
11504.2660	2.2471e-05	8.5484e-07
11516.0380	2.2406e-05	8.5361e-07
11527.8100	2.3186e-05	8.6835e-07
11539.5820	2.2016e-05	8.4614e-07
11551.3540	2.3772e-05	8.7924e-07
11563.1260	2.2504e-05	8.5546e-07
11574.8980	2.1756e-05	8.4113e-07
11586.6700	2.2243e-05	8.5050e-07
11598.4420	2.2796e-05	8.6101e-07
11610.2140	2.3609e-05	8.7623e-07
11621.9860	2.4455e-05	8.9178e-07
11633.7580	2.2308e-05	8.5175e-07
11645.5300	2.3154e-05	8.6774e-07
11657.3020	2.1268e-05	8.3164e-07
11669.0740	2.2016e-05	8.4614e-07
11680.8460	2.3089e-05	8.6652e-07
11692.6180	2.2699e-05	8.5916e-07
11704.3900	2.2341e-05	8.5237e-07
11716.1620	2.2666e-05	8.5855e-07
11727.9340	2.2991e-05	8.6468e-07
11739.7060	2.2991e-05	8.6468e-07
11751.4780	2.3642e-05	8.7683e-07
11763.2500	2.2634e-05	8.5793e-07
11775.0220	2.1138e-05	8.2910e-07
11786.7940	2.2569e-05	8.5670e-07
11798.5660	2.3869e-05	8.8104e-07
11810.3380	2.2536e-05	8.5608e-07
11822.1100	2.4650e-05	8.9533e-07
11833.8820	2.2341e-05	8.5237e-07
11845.6540	2.2634e-05	8.5793e-07
11857.4260	2.1463e-05	8.3545e-07
11869.1980	2.2341e-05	8.5237e-07
11880.9700	2.2731e-05	8.5978e-07
11892.7420	2.2471e-05	8.5484e-07
11904.5140	2.3967e-05	8.8284e-07
11916.2860	2.2861e-05	8.6224e-07
11928.0580	2.1853e-05	8.4301e-07
11939.8300	2.1593e-05	8.3798e-07
11951.6020	2.2146e-05	8.4864e-07
11963.3740	2.2016e-05	8.4614e-07
11975.1460	2.3609e-05	8.7623e-07
11986.9180	2.2634e-05	8.5793e-07
11998.6900	2.3609e-05	8.7623e-07
12010.4620	2.1430e-05	8.3482e-07
12022.2340	2.0747e-05	8.2141e-07
12034.0060	2.2081e-05	8.4739e-07
12045.7780	2.1560e-05	8.3735e-07
12057.5500	2.2211e-05	8.4988e-07
12069.3220	2.3317e-05	8.7078e-07
12081.0940	2.3186e-05	8.6835e-07
12092.8660	2.2894e-05	8.6285e-07
12104.6380	2.3024e-05	8.6530e-07
12116.4100	2.3577e-05	8.7562e-07
12128.1820	2.1756e-05	8.4113e-07
12139.9540	2.1398e-05	8.3418e-07
12151.7260	2.3317e-05	8.7078e-07
12163.4980	2.2276e-05	8.5113e-07
12175.2700	2.3089e-05	8.6652e-07
12187.0420	2.1593e-05	8.3798e-07
12198.8140	2.5138e-05	9.0415e-07
12210.5860	2.1626e-05	8.3861e-07
12222.3580	2.2081e-05	8.4739e-07
12234.1300	2.3934e-05	8.8224e-07
12245.9020	2.1951e-05	8.4489e-07
12257.6740	2.2243e-05	8.5050e-07
12269.4460	2.2341e-05	8.5237e-07
12281.2180	2.3934e-05	8.8224e-07
12292.9900	2.3414e-05	8.7260e-07
12304.7620	2.3219e-05	8.6896e-07
12316.5340	2.2764e-05	8.6039e-07
12328.3060	2.3382e-05	8.7199e-07
12340.0780	2.2471e-05	8.5484e-07
12351.8500	2.0943e-05	8.2526e-07
12363.6220	2.2211e-05	8.4988e-07
12375.3940	2.3707e-05	8.7804e-07
12387.1660	2.2439e-05	8.5423e-07
12398.9380	2.3902e-05	8.8164e-07
12410.7100	2.4325e-05	8.8940e-07
12422.4820	2.3089e-05	8.6652e-07
12434.2540	2.3349e-05	8.7139e-07
12446.0260	2.3089e-05	8.6652e-07
12457.7980	2.5983e-05	9.1923e-07
12469.5700	2.4682e-05	8.9592e-07
12481.3420	2.3089e-05	8.6652e-07
12493.1140	2.3089e-05	8.6652e-07
12504.8860	2.5365e-05	9.0823e-07
12516.6580	2.5333e-05	9.0765e-07
12528.4300	2.3219e-05	8.6896e-07
12540.2020	2.3512e-05	8.7441e-07
12551.9740	2.4780e-05	8.9769e-07
12563.7460	2.5495e-05	9.1056e-07
12575.5180	2.3869e-05	8.8104e-07
12587.2900	2.4877e-05	8.9945e-07
12599.0620	2.5105e-05	9.0356e-07
12610.8340	2.3804e-05	8.7984e-07
12622.6060	2.5625e-05	9.1288e-07
12634.3780	2.5723e-05	9.1461e-07
12646.1500	2.4520e-05	8.9296e-07
12657.9220	2.5170e-05	9.0473e-07
12669.6940	2.4520e-05	8.9296e-07
12681.4660	2.6048e-05	9.2038e-07
12693.2380	2.5723e-05	9.1461e-07
12705.0100	2.5625e-05	9.1288e-07
12716.7820	2.4455e-05	8.9178e-07
12728.5540	2.5105e-05	9.0356e-07
12740.3260	2.4812e-05	8.9828e-07
12752.0980	2.5365e-05	9.0823e-07
12763.8700	2.4682e-05	8.9592e-07
12775.6420	2.5365e-05	9.0823e-07
12787.4140	2.4845e-05	8.9887e-07
12799.1860	2.5918e-05	9.1807e-07
12810.9580	2.2991e-05	8.6468e-07
12822.7300	2.3479e-05	8.7381e-07
12834.5020	2.5170e-05	9.0473e-07
12846.2740	2.3089e-05	8.6652e-07
12858.0460	2.3999e-05	8.8344e-07
12869.8180	2.4780e-05	8.9769e-07
12881.5900	2.5040e-05	9.0239e-07
12893.3620	2.4845e-05	8.9887e-07
12905.1340	2.5495e-05	9.1056e-07
12916.9060	2.3999e-05	8.8344e-07
12928.6780	2.4910e-05	9.0004e-07
12940.4500	2.4943e-05	9.0063e-07
12952.2220	2.4747e-05	8.9710e-07
12963.9940	2.5170e-05	9.0473e-07
12975.7660	2.4845e-05	8.9887e-07
12987.5380	2.3902e-05	8.8164e-07
12999.3100	2.3642e-05	8.7683e-07
13011.0820	2.4325e-05	8.8940e-07
13022.8540	2.5658e-05	9.1345e-07
13034.6260	2.4325e-05	8.8940e-07
13046.3980	2.5008e-05	9.0180e-07
13058.1700	2.4130e-05	8.8583e-07
13069.9420	2.6569e-05	9.2952e-07
13081.7140	2.1528e-05	8.3671e-07
13093.4860	2.5528e-05	9.1114e-07
13105.2580	2.4975e-05	9.0122e-07
13117.0300	2.4422e-05	8.9119e-07
13128.8020	2.4032e-05	8.8404e-07
13140.5740	2.4617e-05	8.9474e-07
13152.3460	2.5333e-05	9.0765e-07
13164.1180	2.4357e-05	8.9000e-07
13175.8900	2.3967e-05	8.8284e-07
13187.6620	2.3186e-05	8.6835e-07
13199.4340	2.6016e-05	9.1980e-07
13211.2060	2.3902e-05	8.8164e-07
13222.9780	2.4455e-05	8.9178e-07
13234.7500	2.6308e-05	9.2496e-07
13246.5220	2.5138e-05	9.0415e-07
13258.2940	2.4780e-05	8.9769e-07
13270.0660	2.4325e-05	8.8940e-07
13281.8380	2.4943e-05	9.0063e-07
13293.6100	2.5073e-05	9.0297e-07
13305.3820	2.5821e-05	9.1634e-07
13317.1540	2.5073e-05	9.0297e-07
13328.9260	2.3869e-05	8.8104e-07
13340.6980	2.4650e-05	8.9533e-07
13352.4700	2.5170e-05	9.0473e-07
13364.2420	2.4227e-05	8.8762e-07
13376.0140	2.5983e-05	9.1923e-07
13387.7860	2.5365e-05	9.0823e-07
13399.5580	2.4520e-05	8.9296e-07
13411.3300	2.4455e-05	8.9178e-07
13423.1020	2.4910e-05	9.0004e-07
13434.8740	2.5723e-05	9.1461e-07
13446.6460	2.6276e-05	9.2439e-07
13458.4180	2.5951e-05	9.1865e-07
13470.1900	2.6503e-05	9.2838e-07
13481.9620	2.5040e-05	9.0239e-07
13493.7340	2.4943e-05	9.0063e-07
13505.5060	2.6048e-05	9.2038e-07
13517.2780	2.5788e-05	9.1577e-07
13529.0500	2.5983e-05	9.1923e-07
13540.8220	2.6861e-05	9.3463e-07
13552.5940	2.5203e-05	9.0531e-07
13564.3660	2.5333e-05	9.0765e-07
13576.1380	2.4845e-05	8.9887e-07
13587.9100	2.6016e-05	9.1980e-07
13599.6820	2.7219e-05	9.4083e-07
13611.4540	2.5625e-05	9.1288e-07
13623.2260	2.5528e-05	9.1114e-07
13634.9980	2.7381e-05	9.4364e-07
13646.7700	2.6373e-05	9.2610e-07
13658.5420	2.6048e-05	9.2038e-07
13670.3140	2.5918e-05	9.1807e-07
13682.0860	2.5756e-05	9.1519e-07
13693.8580	2.6894e-05	9.3519e-07
13705.6300	2.5008e-05	9.0180e-07
13717.4020	2.5040e-05	9.0239e-07
13729.1740	2.4943e-05	9.0063e-07
13740.9460	2.6406e-05	9.2667e-07
13752.7180	2.7121e-05	9.3914e-07
13764.4900	2.6666e-05	9.3123e-07
13776.2620	2.4325e-05	8.8940e-07
13788.0340	2.6406e-05	9.2667e-07
13799.8060	2.4910e-05	9.0004e-07
13811.5780	2.7154e-05	9.3971e-07
13823.3500	2.4650e-05	8.9533e-07
13835.1220	2.5300e-05	9.0706e-07
13846.8940	2.5788e-05	9.1577e-07
13858.6660	2.6959e-05	9.3632e-07
13870.4380	2.5690e-05	9.1403e-07
13882.2100	2.7089e-05	9.3858e-07
13893.9820	2.4910e-05	9.0004e-07
13905.7540	2.7121e-05	9.3914e-07
13917.5260	2.6959e-05	9.3632e-07
13929.2980	2.5918e-05	9.1807e-07
13941.0700	2.7154e-05	9.3971e-07
13952.8420	2.7577e-05	9.4699e-07
13964.6140	2.6081e-05	9.2095e-07
13976.3860	2.6569e-05	9.2952e-07
13988.1580	2.6569e-05	9.2952e-07
13999.9300	2.7934e-05	9.5312e-07
14011.7020	2.6796e-05	9.3350e-07
14023.4740	2.6471e-05	9.2781e-07
14035.2460	2.6829e-05	9.3406e-07
14047.0180	2.6666e-05	9.3123e-07
14058.7900	2.6276e-05	9.2439e-07
14070.5620	2.7316e-05	9.4252e-07
14082.3340	2.6276e-05	9.2439e-07
14094.1060	2.9170e-05	9.7397e-07
14105.8780	2.6211e-05	9.2324e-07
14117.6500	2.8064e-05	9.5533e-07
14129.4220	2.7544e-05	9.4643e-07
14141.1940	2.8097e-05	9.5589e-07
14152.9660	2.7674e-05	9.4867e-07
14164.7380	2.7121e-05	9.3914e-07
14176.5100	2.8455e-05	9.6195e-07
14188.2820	2.7056e-05	9.3802e-07
14200.0540	2.8097e-05	9.5589e-07
14211.8260	2.7609e-05	9.4755e-07
14223.5980	2.8585e-05	9.6415e-07
14235.3700	2.6113e-05	9.2152e-07
14247.1420	2.8422e-05	9.6140e-07
14258.9140	2.8227e-05	9.5810e-07
14270.6860	2.9040e-05	9.7180e-07
14282.4580	2.6308e-05	9.2496e-07
14294.2300	2.7544e-05	9.4643e-07
14306.0020	2.7121e-05	9.3914e-07
14317.7740	2.6796e-05	9.3350e-07
14329.5460	2.8064e-05	9.5533e-07
14341.3180	2.7707e-05	9.4922e-07
14353.0900	2.8910e-05	9.6962e-07
14364.8620	2.8422e-05	9.6140e-07
14376.6340	2.7349e-05	9.4308e-07
14388.4060	2.7837e-05	9.5145e-07
14400.1780	2.7967e-05	9.5367e-07
14411.9500	2.8390e-05	9.6085e-07
14423.7220	2.9398e-05	9.7776e-07
14435.4940	2.9690e-05	9.8262e-07
14447.2660	2.7219e-05	9.4083e-07
14459.0380	2.8455e-05	9.6195e-07
14470.8100	2.7707e-05	9.4922e-07
14482.5820	2.8942e-05	9.7016e-07
14494.3540	2.7609e-05	9.4755e-07
14506.1260	2.6991e-05	9.3689e-07
14517.8980	2.9333e-05	9.7668e-07
14529.6700	3.0048e-05	9.8852e-07
14541.4420	2.7609e-05	9.4755e-07
14553.2140	2.8325e-05	9.5975e-07
14564.9860	2.8715e-05	9.6634e-07
14576.7580	3.0438e-05	9.9492e-07
14588.5300	2.9625e-05	9.8154e-07
14600.3020	2.7967e-05	9.5367e-07
14612.0740	2.9170e-05	9.7397e-07
14623.8460	2.8910e-05	9.6962e-07
14635.6180	2.9463e-05	9.7884e-07
14647.3900	3.0178e-05	9.9066e-07
14659.1620	2.8780e-05	9.6743e-07
14670.9340	2.9398e-05	9.7776e-07
14682.7060	2.8975e-05	9.7071e-07
14694.4780	3.1479e-05	1.0118e-06
14706.2500	3.0829e-05	1.0013e-06
14718.0220	2.9951e-05	9.8691e-07
14729.7940	3.1414e-05	1.0107e-06
14741.5660	3.0308e-05	9.9279e-07
14753.3380	3.0991e-05	1.0039e-06
14765.1100	3.0731e-05	9.9969e-07
14776.8820	3.2129e-05	1.0222e-06
14788.6540	2.9138e-05	9.7343e-07
14800.4260	3.2162e-05	1.0227e-06
14812.1980	3.1381e-05	1.0102e-06
14823.9700	3.2520e-05	1.0284e-06
14835.7420	3.1446e-05	1.0113e-06
14847.5140	2.9951e-05	9.8691e-07
14859.2860	3.0276e-05	9.9226e-07
14871.0580	3.1772e-05	1.0165e-06
14882.8300	3.1121e-05	1.0060e-06
14894.6020	3.1544e-05	1.0128e-06
14906.3740	3.0731e-05	9.9969e-07
14918.1460	3.2324e-05	1.0253e-06
14929.9180	3.2585e-05	1.0294e-06
14941.6900	3.3007e-05	1.0361e-06
14953.4620	3.1186e-05	1.0071e-06
14965.2340	3.1609e-05	1.0139e-06
14977.0060	3.1869e-05	1.0180e-06
14988.7780	3.1999e-05	1.0201e-06
15000.5500	3.1349e-05	1.0097e-06
15012.3220	3.4113e-05	1.0533e-06
15024.0940	3.3170e-05	1.0386e-06
15035.8660	3.4406e-05	1.0578e-06
15047.6380	3.2552e-05	1.0289e-06
15059.4100	3.4503e-05	1.0593e-06
15071.1820	3.1772e-05	1.0165e-06
15082.9540	3.3658e-05	1.0462e-06
15094.7260	3.6292e-05	1.0864e-06
15106.4980	3.3853e-05	1.0492e-06
15118.2700	3.3723e-05	1.0472e-06
15130.0420	3.4211e-05	1.0548e-06
15141.8140	3.2942e-05	1.0350e-06
15153.5860	3.5414e-05	1.0732e-06
15165.3580	3.5414e-05	1.0732e-06
15177.1300	3.4015e-05	1.0518e-06
15188.9020	3.4568e-05	1.0603e-06
15200.6740	3.3950e-05	1.0508e-06
15212.4460	3.3658e-05	1.0462e-06
15224.2180	3.3723e-05	1.0472e-06
15235.9900	3.4406e-05	1.0578e-06
15247.7620	3.2715e-05	1.0315e-06
15259.5340	3.3560e-05	1.0447e-06
15271.3060	3.6097e-05	1.0835e-06
15283.0780	3.5186e-05	1.0697e-06
15294.8500	3.6292e-05	1.0864e-06
15306.6220	3.4796e-05	1.0638e-06
15318.3940	3.5609e-05	1.0761e-06
15330.1660	3.5772e-05	1.0786e-06
15341.9380	3.5869e-05	1.0800e-06
15353.7100	3.6942e-05	1.0961e-06
15365.4820	3.5089e-05	1.0682e-06
15377.2540	3.6845e-05	1.0946e-06
15389.0260	3.7267e-05	1.1009e-06
15400.7980	3.7950e-05	1.1109e-06
15412.5700	3.7202e-05	1.0999e-06
15424.3420	3.5902e-05	1.0805e-06
15436.1140	3.6975e-05	1.0966e-06
15447.8860	3.7267e-05	1.1009e-06
15459.6580	3.7788e-05	1.1085e-06
15471.4300	3.6259e-05	1.0859e-06
15483.2020	3.9836e-05	1.1382e-06
15494.9740	3.9641e-05	1.1354e-06
15506.7460	3.7885e-05	1.1100e-06
15518.5180	3.9316e-05	1.1307e-06
15530.2900	3.7983e-05	1.1114e-06
15542.0620	4.0422e-05	1.1465e-06
15553.8340	3.9251e-05	1.1298e-06
15565.6060	3.8763e-05	1.1228e-06
15577.3780	3.9739e-05	1.1368e-06
15589.1500	4.1593e-05	1.1630e-06
15600.9220	3.9349e-05	1.1312e-06
15612.6940	4.1105e-05	1.1562e-06
15624.4660	4.0975e-05	1.1543e-06
15636.2380	4.0942e-05	1.1539e-06
15648.0100	4.1105e-05	1.1562e-06
15659.7820	4.0487e-05	1.1475e-06
15671.5540	4.2926e-05	1.1815e-06
15683.3260	4.3316e-05	1.1869e-06
15695.0980	4.2048e-05	1.1694e-06
15706.8700	4.4357e-05	1.2010e-06
15718.6420	4.3284e-05	1.1864e-06
15730.4140	4.5202e-05	1.2124e-06
15742.1860	4.7218e-05	1.2392e-06
15753.9580	4.3999e-05	1.1962e-06
15765.7300	4.4487e-05	1.2028e-06
15777.5020	4.6893e-05	1.2349e-06
15789.2740	4.6698e-05	1.2323e-06
15801.0460	4.6926e-05	1.2353e-06
15812.8180	4.7479e-05	1.2426e-06
15824.5900	4.9332e-05	1.2666e-06
15836.3620	4.7674e-05	1.2451e-06
15848.1340	4.9202e-05	1.2649e-06
15859.9060	4.8064e-05	1.2502e-06
15871.6780	4.7381e-05	1.2413e-06
15883.4500	4.9625e-05	1.2704e-06
15895.2220	4.7511e-05	1.2430e-06
15906.9940	5.0503e-05	1.2816e-06
15918.7660	4.7999e-05	1.2494e-06
15930.5380	4.9885e-05	1.2737e-06
15942.3100	4.9430e-05	1.2679e-06
15954.0820	4.9267e-05	1.2658e-06
15965.8540	4.9462e-05	1.2683e-06
15977.6260	5.2031e-05	1.3008e-06
15989.3980	4.9560e-05	1.2695e-06
16001.1700	5.1479e-05	1.2939e-06
16012.9420	5.2259e-05	1.3036e-06
16024.7140	5.3007e-05	1.3129e-06
16036.4860	5.4275e-05	1.3286e-06
16048.2580	5.4373e-05	1.3298e-06
16060.0300	5.4470e-05	1.3309e-06
16071.8020	5.2942e-05	1.3121e-06
16083.5740	5.4796e-05	1.3349e-06
16095.3460	5.4470e-05	1.3309e-06
16107.1180	5.6226e-05	1.3522e-06
16118.8900	5.6161e-05	1.3514e-06
16130.6620	5.5999e-05	1.3495e-06
16142.4340	5.6942e-05	1.3608e-06
16154.2060	6.1332e-05	1.4123e-06
16165.9780	5.6421e-05	1.3546e-06
16177.7500	5.8047e-05	1.3740e-06
16189.5220	5.9738e-05	1.3938e-06
16201.2940	6.0519e-05	1.4029e-06
16213.0660	6.2503e-05	1.4257e-06
16224.8380	6.0584e-05	1.4037e-06
16236.6100	5.8763e-05	1.3824e-06
16248.3820	6.2210e-05	1.4224e-06
16260.1540	6.1560e-05	1.4149e-06
16271.9260	6.1755e-05	1.4172e-06
16283.6980	6.6177e-05	1.4670e-06
16295.4700	6.4844e-05	1.4522e-06
16307.2420	6.1495e-05	1.4142e-06
16319.0140	6.5852e-05	1.4634e-06
16330.7860	6.8194e-05	1.4892e-06
16342.5580	6.7576e-05	1.4824e-06
16354.3300	7.0047e-05	1.5093e-06
16366.1020	6.9592e-05	1.5044e-06
16377.8740	6.9982e-05	1.5086e-06
16389.6460	7.1088e-05	1.5205e-06
16401.4180	7.0633e-05	1.5156e-06
16413.1900	7.2649e-05	1.5371e-06
16424.9620	7.5738e-05	1.5694e-06
16436.7340	7.1478e-05	1.5246e-06
16448.5060	7.4405e-05	1.5555e-06
16460.2780	7.7006e-05	1.5825e-06
16472.0500	7.7429e-05	1.5868e-06
16483.8220	7.8958e-05	1.6024e-06
16495.5940	7.7332e-05	1.5858e-06
16507.3660	7.7039e-05	1.5828e-06
16519.1380	8.1852e-05	1.6315e-06
16530.9100	8.3413e-05	1.6470e-06
16542.6820	8.2827e-05	1.6412e-06
16554.4540	8.5559e-05	1.6681e-06
16566.2260	8.4323e-05	1.6560e-06
16577.9980	8.5169e-05	1.6643e-06
16589.7700	8.9331e-05	1.7045e-06
16601.5420	8.8778e-05	1.6992e-06
16613.3140	8.9071e-05	1.7020e-06
16625.0860	9.2616e-05	1.7355e-06
16636.8580	9.2616e-05	1.7355e-06
16648.6300	9.3949e-05	1.7480e-06
16660.4020	9.6876e-05	1.7750e-06
16672.1740	9.2226e-05	1.7319e-06
16683.9460	9.4860e-05	1.7564e-06
16695.7180	1.0101e-04	1.8124e-06
16707.4900	1.0338e-04	1.8336e-06
16719.2620	1.0211e-04	1.8223e-06
16731.0340	1.0276e-04	1.8281e-06
16742.8060	1.0312e-04	1.8313e-06
16754.5780	1.0296e-04	1.8298e-06
16766.3500	1.0728e-04	1.8679e-06
16778.1220	1.0969e-04	1.8887e-06
16789.8940	1.1343e-04	1.9207e-06
16801.6660	1.1284e-04	1.9157e-06
16813.4380	1.1405e-04	1.9259e-06
16825.2100	1.1850e-04	1.9631e-06
16836.9820	1.1717e-04	1.9521e-06
16848.7540	1.2045e-04	1.9792e-06
16860.5260	1.2426e-04	2.0103e-06
16872.2980	1.2787e-04	2.0392e-06
16884.0700	1.2517e-04	2.0176e-06
16895.8420	1.2653e-04	2.0286e-06
16907.6140	1.2953e-04	2.0524e-06
16919.3860	1.3099e-04	2.0640e-06
16931.1580	1.3274e-04	2.0778e-06
16942.9300	1.3392e-04	2.0869e-06
16954.7020	1.3847e-04	2.1221e-06
16966.4740	1.3548e-04	2.0991e-06
16978.2460	1.4445e-04	2.1675e-06
16990.0180	1.4432e-04	2.1665e-06
17001.7900	1.4429e-04	2.1663e-06
17013.5620	1.4920e-04	2.2028e-06
17025.3340	1.4904e-04	2.2016e-06
17037.1060	1.5131e-04	2.2184e-06
17048.8780	1.6068e-04	2.2860e-06
17060.6500	1.5954e-04	2.2779e-06
17072.4220	1.6029e-04	2.2832e-06
17084.1940	1.6383e-04	2.3083e-06
17095.9660	1.6497e-04	2.3163e-06
17107.7380	1.6878e-04	2.3429e-06
17119.5100	1.6988e-04	2.3506e-06
17131.2820	1.7710e-04	2.4000e-06
17143.0540	1.7557e-04	2.3896e-06
17154.8260	1.8539e-04	2.4555e-06
17166.5980	1.8455e-04	2.4499e-06
17178.3700	1.8829e-04	2.4746e-06
17190.1420	1.9404e-04	2.5122e-06
17201.9140	1.9782e-04	2.5365e-06
17213.6860	2.0370e-04	2.5739e-06
17225.4580	2.0578e-04	2.5871e-06
17237.2300	2.0936e-04	2.6095e-06
17249.0020	2.1736e-04	2.6588e-06
17260.7740	2.1476e-04	2.6429e-06
17272.5460	2.1866e-04	2.6668e-06
17284.3180	2.3102e-04	2.7411e-06
17296.0900	2.3746e-04	2.7791e-06
17307.8620	2.3762e-04	2.7800e-06
17319.6340	2.4282e-04	2.8103e-06
17331.4060	2.5443e-04	2.8767e-06
17343.1780	2.5547e-04	2.8826e-06
17354.9500	2.6647e-04	2.9439e-06
17366.7220	2.6790e-04	2.9518e-06
17378.4940	2.8100e-04	3.0232e-06
17390.2660	2.8181e-04	3.0276e-06
17402.0380	2.8660e-04	3.0531e-06
17413.8100	2.9632e-04	3.1045e-06
17425.5820	3.0552e-04	3.1524e-06
17437.3540	3.0884e-04	3.1694e-06
17449.1260	3.2266e-04	3.2396e-06
17460.8980	3.2734e-04	3.2630e-06
17472.6700	3.4295e-04	3.3399e-06
17484.4420	3.5459e-04	3.3962e-06
17496.2140	3.6233e-04	3.4330e-06
17507.9860	3.7043e-04	3.4712e-06
17519.7580	3.8230e-04	3.5264e-06
17531.5300	3.8022e-04	3.5168e-06
17543.3020	3.8913e-04	3.5577e-06
17555.0740	3.9638e-04	3.5907e-06
17566.8460	4.0689e-04	3.6380e-06
17578.6180	4.2610e-04	3.7230e-06
17590.3900	4.3378e-04	3.7564e-06
17602.1620	4.3684e-04	3.7696e-06
17613.9340	4.5609e-04	3.8518e-06
17625.7060	4.6877e-04	3.9050e-06
17637.4780	4.7033e-04	3.9115e-06
17649.2500	4.8282e-04	3.9631e-06
17661.0220	4.9433e-04	4.0100e-06
17672.7940	5.0737e-04	4.0626e-06
17684.5660	5.0685e-04	4.0605e-06
17696.3380	5.1534e-04	4.0944e-06
17708.1100	5.3335e-04	4.1654e-06
17719.8820	5.4376e-04	4.2058e-06
17731.6540	5.4896e-04	4.2259e-06
17743.4260	5.5807e-04	4.2608e-06
17755.1980	5.7430e-04	4.3223e-06
17766.9700	5.7791e-04	4.3359e-06
17778.7420	5.9062e-04	4.3834e-06
17790.5140	5.9787e-04	4.4102e-06
17802.2860	6.0997e-04	4.4546e-06
17814.0580	6.1293e-04	4.4654e-06
17825.8300	6.2125e-04	4.4957e-06
17837.6020	6.4086e-04	4.5661e-06
17849.3740	6.3810e-04	4.5562e-06
17861.1460	6.5566e-04	4.6185e-06
17872.9180	6.6138e-04	4.6386e-06
17884.6900	6.6672e-04	4.6573e-06
17896.4620	6.7641e-04	4.6911e-06
17908.2340	6.8441e-04	4.7187e-06
17920.0060	6.9631e-04	4.7596e-06
17931.7780	6.9634e-04	4.7597e-06
17943.5500	7.0776e-04	4.7986e-06
17955.3220	7.1198e-04	4.8129e-06
17967.0940	7.1806e-04	4.8334e-06
17978.8660	7.2694e-04	4.8632e-06
17990.6380	7.3081e-04	4.8761e-06
18002.4100	7.3650e-04	4.8951e-06
18014.1820	7.3458e-04	4.8887e-06
18025.9540	7.5101e-04	4.9431e-06
18037.7260	7.4372e-04	4.9190e-06
18049.4980	7.5442e-04	4.9543e-06
18061.2700	7.7117e-04	5.0090e-06
18073.0420	7.6889e-04	5.0016e-06
18084.8140	7.8252e-04	5.0458e-06
18096.5860	7.8818e-04	5.0640e-06
18108.3580	7.7657e-04	5.0265e-06
18120.1300	7.9592e-04	5.0888e-06
18131.9020	8.0385e-04	5.1141e-06
18143.6740	8.2092e-04	5.1682e-06
18155.4460	8.2174e-04	5.1707e-06
18167.2180	8.1780e-04	5.1583e-06
18178.9900	8.3370e-04	5.2083e-06
18190.7620	8.3250e-04	5.2045e-06
18202.5340	8.4388e-04	5.2400e-06
18214.3060	8.5419e-04	5.2719e-06
18226.0780	8.5520e-04	5.2750e-06
18237.8500	8.6726e-04	5.3121e-06
18249.6220	8.6252e-04	5.2976e-06
18261.3940	8.8317e-04	5.3606e-06
18273.1660	8.9159e-04	5.3861e-06
18284.9380	9.0274e-04	5.4198e-06
18296.7100	9.0239e-04	5.4187e-06
18308.4820	9.2343e-04	5.4815e-06
18320.2540	9.2538e-04	5.4873e-06
18332.0260	9.4821e-04	5.5546e-06
18343.7980	9.5247e-04	5.5671e-06
18355.5700	9.6421e-04	5.6013e-06
18367.3420	9.7793e-04	5.6411e-06
18379.1140	9.8551e-04	5.6629e-06
18390.8860	1.0044e-03	5.7170e-06
18402.6580	1.0092e-03	5.7305e-06
18414.4300	1.0301e-03	5.7897e-06
18426.2020	1.0418e-03	5.8226e-06
18437.9740	1.0717e-03	5.9055e-06
18449.7460	1.0734e-03	5.9103e-06
18461.5180	1.0926e-03	5.9627e-06
18473.2900	1.1160e-03	6.0263e-06
18485.0620	1.1370e-03	6.0828e-06
18496.8340	1.1469e-03	6.1092e-06
18508.6060	1.1668e-03	6.1621e-06
18520.3780	1.1942e-03	6.2343e-06
18532.1500	1.2215e-03	6.3050e-06
18543.9220	1.2401e-03	6.3528e-06
18555.6940	1.2614e-03	6.4074e-06
18567.4660	1.2865e-03	6.4708e-06
18579.2380	1.3098e-03	6.5291e-06
18591.0100	1.3378e-03	6.5985e-06
18602.7820	1.3737e-03	6.6865e-06
18614.5540	1.3895e-03	6.7249e-06
18626.3260	1.4214e-03	6.8019e-06
18638.0980	1.4665e-03	6.9090e-06
18649.8700	1.4912e-03	6.9669e-06
18661.6420	1.5390e-03	7.0778e-06
18673.4140	1.5723e-03	7.1540e-06
18685.1860	1.6069e-03	7.2325e-06
18696.9580	1.6581e-03	7.3469e-06
18708.7300	1.6819e-03	7.3996e-06
18720.5020	1.7459e-03	7.5392e-06
18732.2740	1.7876e-03	7.6288e-06
18744.0460	1.8406e-03	7.7413e-06
18755.8180	1.9016e-03	7.8684e-06
18767.5900	1.9653e-03	7.9995e-06
18779.3620	2.0373e-03	8.1449e-06
18791.1340	2.1075e-03	8.2841e-06
18802.9060	2.1696e-03	8.4054e-06
18814.6780	2.2489e-03	8.5580e-06
18826.4500	2.3616e-03	8.7700e-06
18838.2220	2.4458e-03	8.9252e-06
18849.9940	2.5769e-03	9.1618e-06
18861.7660	2.6632e-03	9.3141e-06
18873.5380	2.8063e-03	9.5616e-06
18885.3100	2.9507e-03	9.8049e-06
18897.0820	3.1049e-03	1.0058e-05
18908.8540	3.2738e-03	1.0329e-05
18920.6260	3.4535e-03	1.0609e-05
18932.3980	3.6398e-03	1.0892e-05
18944.1700	3.8600e-03	1.1218e-05
18955.9420	4.0750e-03	1.1527e-05
18967.7140	4.3292e-03	1.1882e-05
18979.4860	4.5747e-03	1.2215e-05
18991.2580	4.8650e-03	1.2597e-05
19003.0300	5.1965e-03	1.3021e-05
19014.8020	5.5012e-03	1.3399e-05
19026.5740	5.8354e-03	1.3801e-05
19038.3460	6.2237e-03	1.4255e-05
19050.1180	6.6303e-03	1.4715e-05
19061.8900	6.9977e-03	1.5119e-05
19073.6620	7.4419e-03	1.5593e-05
19085.4340	7.8784e-03	1.6046e-05
19097.2060	8.3316e-03	1.6504e-05
19108.9780	8.8519e-03	1.7014e-05
19120.7500	9.2839e-03	1.7427e-05
19132.5220	9.8477e-03	1.7951e-05
19144.2940	1.0325e-02	1.8384e-05
19156.0660	1.0842e-02	1.8841e-05
19167.8380	1.1373e-02	1.9301e-05
19179.6100	1.1859e-02	1.9712e-05
19191.3820	1.2364e-02	2.0130e-05
19203.1540	1.2862e-02	2.0535e-05
19214.9260	1.3411e-02	2.0972e-05
19226.6980	1.3870e-02	2.1331e-05
19238.4700	1.4298e-02	2.1661e-05
19250.2420	1.4720e-02	2.1981e-05
19262.0140	1.5100e-02	2.2265e-05
19273.7860	1.5493e-02	2.2556e-05
19285.5580	1.5773e-02	2.2761e-05
19297.3300	1.6087e-02	2.2989e-05
19309.1020	1.6344e-02	2.3173e-05
19320.8740	1.6526e-02	2.3304e-05
19332.6460	1.6663e-02	2.3401e-05
19344.4180	1.6802e-02	2.3500e-05
19356.1900	1.6856e-02	2.3538e-05
19367.9620	1.6801e-02	2.3499e-05
19379.7340	1.6830e-02	2.3520e-05
19391.5060	1.6693e-02	2.3422e-05
19403.2780	1.6533e-02	2.3309e-05
19415.0500	1.6305e-02	2.3146e-05
19426.8220	1.6077e-02	2.2982e-05
19438.5940	1.5767e-02	2.2757e-05
19450.3660	1.5422e-02	2.2504e-05
19462.1380	1.5053e-02	2.2231e-05
19473.9100	1.4602e-02	2.1892e-05
19485.6820	1.4166e-02	2.1560e-05
19497.4540	1.3687e-02	2.1189e-05
19509.2260	1.3176e-02	2.0787e-05
19520.9980	1.2650e-02	2.0364e-05
19532.7700	1.2106e-02	1.9918e-05
19544.5420	1.1619e-02	1.9510e-05
19556.3140	1.0997e-02	1.8977e-05
19568.0860	1.0483e-02	1.8525e-05
19579.8580	9.8909e-03	1.7991e-05
19591.6300	9.3279e-03	1.7468e-05
19603.4020	8.8050e-03	1.6969e-05
19615.1740	8.2617e-03	1.6434e-05
19626.9460	7.7504e-03	1.5915e-05
19638.7180	7.2468e-03	1.5387e-05
19650.4900	6.7517e-03	1.4849e-05
19662.2620	6.3036e-03	1.4346e-05
19674.0340	5.8692e-03	1.3841e-05
19685.8060	5.4435e-03	1.3328e-05
19697.5780	5.0096e-03	1.2784e-05
19709.3500	4.6648e-03	1.2335e-05
19721.1220	4.3143e-03	1.1861e-05
19732.8940	3.9829e-03	1.1395e-05
19744.6660	3.6585e-03	1.0920e-05
19756.4380	3.3965e-03	1.0521e-05
19768.2100	3.1439e-03	1.0121e-05
19779.9820	2.9206e-03	9.7546e-06
19791.7540	2.7175e-03	9.4088e-06
19803.5260	2.5296e-03	9.0772e-06
19815.2980	2.3929e-03	8.8280e-06
19827.0700	2.2726e-03	8.6029e-06
19838.8420	2.1868e-03	8.4388e-06
19850.6140	2.1070e-03	8.2832e-06
19862.3860	2.0825e-03	8.2348e-06
19874.1580	2.0661e-03	8.2023e-06
19885.9300	2.0996e-03	8.2685e-06
19897.7020	2.1480e-03	8.3634e-06
19909.4740	2.2313e-03	8.5244e-06
19921.2460	2.3376e-03	8.7253e-06
19933.0180	2.4730e-03	8.9747e-06
19944.7900	2.6147e-03	9.2288e-06
19956.5620	2.7808e-03	9.5179e-06
19968.3340	2.9497e-03	9.8032e-06
19980.1060	3.1603e-03	1.0148e-05
19991.8780	3.3661e-03	1.0474e-05
20003.6500	3.5221e-03	1.0714e-05
20015.4220	3.7110e-03	1.0998e-05
20027.1940	3.8815e-03	1.1249e-05
20038.9660	4.0253e-03	1.1456e-05
20050.7380	4.1674e-03	1.1657e-05
20062.5100	4.2595e-03	1.1785e-05
20074.2820	4.3060e-03	1.1850e-05
20086.0540	4.3471e-03	1.1906e-05
20097.8260	4.3279e-03	1.1880e-05
20109.5980	4.2886e-03	1.1826e-05
20121.3700	4.2158e-03	1.1725e-05
20133.1420	4.0971e-03	1.1558e-05
20144.9140	3.9359e-03	1.1328e-05
20156.6860	3.7439e-03	1.1047e-05
20168.4580	3.5553e-03	1.0765e-05
20180.2300	3.3464e-03	1.0443e-05
20192.0020	3.0818e-03	1.0021e-05
20203.7740	2.8517e-03	9.6386e-06
20215.5460	2.5892e-03	9.1837e-06
20227.3180	2.3611e-03	8.7690e-06
20239.0900	2.1141e-03	8.2972e-06
20250.8620	1.8631e-03	7.7883e-06
20262.6340	1.6527e-03	7.3351e-06
20274.4060	1.4437e-03	6.8550e-06
20286.1780	1.2531e-03	6.3862e-06
20297.9500	1.0863e-03	5.9458e-06
20309.7220	9.2626e-04	5.4899e-06
20321.4940	7.9559e-04	5.0878e-06
20333.2660	6.6506e-04	4.6515e-06
20345.0380	5.6470e-04	4.2861e-06
20356.8100	4.7300e-04	3.9225e-06
20368.5820	4.0412e-04	3.6256e-06
20380.3540	3.3570e-04	3.3044e-06
20392.1260	2.8832e-04	3.0623e-06
20403.8980	2.3723e-04	2.7777e-06
20415.6700	2.0497e-04	2.5819e-06
20427.4420	1.7824e-04	2.4077e-06
20439.2140	1.5388e-04	2.2371e-06
20450.9860	1.3818e-04	2.1199e-06
20462.7580	1.1899e-04	1.9672e-06
20474.5300	1.1161e-04	1.9052e-06
20486.3020	1.0091e-04	1.8115e-06
20498.0740	9.6518e-05	1.7717e-06
20509.8460	9.0827e-05	1.7187e-06
20521.6180	8.4518e-05	1.6579e-06
20533.3900	7.9250e-05	1.6054e-06
20545.1620	7.7657e-05	1.5892e-06
20556.9340	7.5933e-05	1.5714e-06
20568.7060	7.4275e-05	1.5542e-06
20580.4780	7.0437e-05	1.5135e-06
20592.2500	7.3884e-05	1.5501e-06
20604.0220	7.0990e-05	1.5194e-06
20615.7940	6.7673e-05	1.4835e-06
20627.5660	6.7446e-05	1.4810e-06
20639.3380	6.7153e-05	1.4778e-06
20651.1100	6.5820e-05	1.4631e-06
20662.8820	6.5787e-05	1.4627e-06
20674.6540	6.3868e-05	1.4412e-06
20686.4260	6.3251e-05	1.4342e-06
20698.1980	6.2308e-05	1.4235e-06
20709.9700	6.4649e-05	1.4500e-06
20721.7420	6.1917e-05	1.4190e-06
20733.5140	5.9738e-05	1.3938e-06
20745.2860	5.7039e-05	1.3620e-06
20757.0580	5.7690e-05	1.3697e-06
20768.8300	5.5836e-05	1.3475e-06
20780.6020	5.8633e-05	1.3809e-06
20792.3740	5.4535e-05	1.3317e-06
20804.1460	5.7495e-05	1.3674e-06
20815.9180	5.2974e-05	1.3125e-06
20827.6900	5.5478e-05	1.3432e-06
20839.4620	5.4015e-05	1.3254e-06
20851.2340	5.4080e-05	1.3262e-06
20863.0060	5.0861e-05	1.2861e-06
20874.7780	5.2324e-05	1.3045e-06
20886.5500	4.6568e-05	1.2306e-06
20898.3220	4.8714e-05	1.2587e-06
20910.0940	4.9007e-05	1.2624e-06
20921.8660	4.7674e-05	1.2451e-06
20933.6380	4.6796e-05	1.2336e-06
20945.4100	4.6861e-05	1.2345e-06
20957.1820	4.8096e-05	1.2506e-06
20968.9540	4.7706e-05	1.2456e-06
20980.7260	4.7218e-05	1.2392e-06
20992.4980	4.3316e-05	1.1869e-06
21004.2700	4.4324e-05	1.2006e-06
21016.0420	4.3836e-05	1.1940e-06
21027.8140	4.3511e-05	1.1895e-06
21039.5860	4.2275e-05	1.1725e-06
21051.3580	4.3056e-05	1.1833e-06
21063.1300	4.3186e-05	1.1851e-06
21074.9020	4.0227e-05	1.1438e-06
21086.6740	4.1332e-05	1.1594e-06
21098.4460	3.9934e-05	1.1396e-06
21110.2180	3.9056e-05	1.1270e-06
21121.9900	4.3674e-05	1.1918e-06
21133.7620	4.0519e-05	1.1479e-06
21145.5340	4.1593e-05	1.1630e-06
21157.3060	3.7007e-05	1.0970e-06
21169.0780	3.7625e-05	1.1062e-06
21180.8500	3.7788e-05	1.1085e-06
21192.6220	3.6227e-05	1.0854e-06
21204.3940	3.8503e-05	1.1190e-06
21216.1660	3.8080e-05	1.1128e-06
21227.9380	3.6877e-05	1.0951e-06
21239.7100	3.7495e-05	1.1042e-06
21251.4820	3.7007e-05	1.0970e-06
21263.2540	3.7267e-05	1.1009e-06
21275.0260	3.6454e-05	1.0888e-06
21286.7980	3.5154e-05	1.0692e-06
21298.5700	3.4666e-05	1.0618e-06
21310.3420	3.6259e-05	1.0859e-06
21322.1140	3.4081e-05	1.0528e-06
21333.8860	3.4991e-05	1.0667e-06
21345.6580	3.3202e-05	1.0391e-06
21357.4300	3.3690e-05	1.0467e-06
21369.2020	3.3658e-05	1.0462e-06
21380.9740	3.3430e-05	1.0427e-06
21392.7460	3.4276e-05	1.0558e-06
21404.5180	3.3495e-05	1.0437e-06
21416.2900	3.1089e-05	1.0055e-06
21428.0620	3.2845e-05	1.0335e-06
21439.8340	3.4308e-05	1.0563e-06
21451.6060	3.2292e-05	1.0248e-06
21463.3780	3.1446e-05	1.0113e-06
21475.1500	3.1284e-05	1.0086e-06
21486.9220	3.1934e-05	1.0191e-06
21498.6940	3.0764e-05	1.0002e-06
21510.4660	3.1609e-05	1.0139e-06
21522.2380	3.2780e-05	1.0325e-06
21534.0100	3.0211e-05	9.9119e-07
21545.7820	3.0048e-05	9.8852e-07
21557.5540	2.9885e-05	9.8584e-07
21569.3260	3.0731e-05	9.9969e-07
21581.0980	3.0861e-05	1.0018e-06
21592.8700	3.0113e-05	9.8959e-07
21604.6420	2.8390e-05	9.6085e-07
21616.4140	3.0341e-05	9.9332e-07
21628.1860	2.9007e-05	9.7125e-07
21639.9580	2.9300e-05	9.7614e-07
21651.7300	2.9723e-05	9.8316e-07
21663.5020	2.8585e-05	9.6415e-07
21675.2740	2.7609e-05	9.4755e-07
21687.0460	2.7577e-05	9.4699e-07
21698.8180	2.8422e-05	9.6140e-07
21710.5900	2.7642e-05	9.4811e-07
21722.3620	2.7544e-05	9.4643e-07
21734.1340	2.9885e-05	9.8584e-07
21745.9060	2.6861e-05	9.3463e-07
21757.6780	2.7447e-05	9.4476e-07
21769.4500	2.6406e-05	9.2667e-07
21781.2220	2.8032e-05	9.5478e-07
21792.9940	2.7316e-05	9.4252e-07
21804.7660	2.7577e-05	9.4699e-07
21816.5380	2.8325e-05	9.5975e-07
21828.3100	2.6926e-05	9.3576e-07
21840.0820	2.4845e-05	8.9887e-07
21851.8540	2.8032e-05	9.5478e-07
21863.6260	2.6959e-05	9.3632e-07
21875.3980	2.4877e-05	8.9945e-07
21887.1700	2.4422e-05	8.9119e-07
21898.9420	2.5756e-05	9.1519e-07
21910.7140	2.5951e-05	9.1865e-07
21922.4860	2.8520e-05	9.6305e-07
21934.2580	2.6081e-05	9.2095e-07
21946.0300	2.5723e-05	9.1461e-07
21957.8020	2.6569e-05	9.2952e-07
21969.5740	2.6503e-05	9.2838e-07
21981.3460	2.5528e-05	9.1114e-07
21993.1180	2.5658e-05	9.1345e-07
22004.8900	2.5951e-05	9.1865e-07
22016.6620	2.6243e-05	9.2382e-07
22028.4340	2.5625e-05	9.1288e-07
22040.2060	2.6016e-05	9.1980e-07
22051.9780	2.6211e-05	9.2324e-07
22063.7500	2.5560e-05	9.1172e-07
22075.5220	2.4975e-05	9.0122e-07
22087.2940	2.5430e-05	9.0939e-07
22099.0660	2.5495e-05	9.1056e-07
22110.8380	2.4422e-05	8.9119e-07
22122.6100	2.4292e-05	8.8881e-07
22134.3820	2.4943e-05	9.0063e-07
22146.1540	2.5268e-05	9.0648e-07
22157.9260	2.5008e-05	9.0180e-07
22169.6980	2.6081e-05	9.2095e-07
22181.4700	2.3674e-05	8.7743e-07
22193.2420	2.6438e-05	9.2724e-07
22205.0140	2.4682e-05	8.9592e-07
22216.7860	2.4032e-05	8.8404e-07
22228.5580	2.4585e-05	8.9415e-07
22240.3300	2.5853e-05	9.1692e-07
22252.1020	2.5105e-05	9.0356e-07
22263.8740	2.5138e-05	9.0415e-07
22275.6460	2.4715e-05	8.9651e-07
22287.4180	2.5300e-05	9.0706e-07
22299.1900	2.4130e-05	8.8583e-07
22310.9620	2.4357e-05	8.9000e-07
22322.7340	2.4097e-05	8.8523e-07
22334.5060	2.4747e-05	8.9710e-07
22346.2780	2.5138e-05	9.0415e-07
22358.0500	2.2634e-05	8.5793e-07
22369.8220	2.5040e-05	9.0239e-07
22381.5940	2.4910e-05	9.0004e-07
22393.3660	2.2764e-05	8.6039e-07
22405.1380	2.4552e-05	8.9356e-07
22416.9100	2.2829e-05	8.6162e-07
22428.6820	2.4357e-05	8.9000e-07
22440.4540	2.5495e-05	9.1056e-07
22452.2260	2.2926e-05	8.6346e-07
22463.9980	2.3934e-05	8.8224e-07
22475.7700	2.2471e-05	8.5484e-07
22487.5420	2.2894e-05	8.6285e-07
22499.3140	2.3544e-05	8.7502e-07
22511.0860	2.4422e-05	8.9119e-07
22522.8580	2.6666e-05	9.3123e-07
22534.6300	2.4064e-05	8.8464e-07
22546.4020	2.5528e-05	9.1114e-07
22558.1740	2.4455e-05	8.9178e-07
22569.9460	2.3837e-05	8.8044e-07
22581.7180	2.2731e-05	8.5978e-07
22593.4900	2.2894e-05	8.6285e-07
22605.2620	2.4097e-05	8.8523e-07
22617.0340	2.4357e-05	8.9000e-07
22628.8060	2.4487e-05	8.9237e-07
22640.5780	2.5398e-05	9.0881e-07
22652.3500	2.3414e-05	8.7260e-07
22664.1220	2.3382e-05	8.7199e-07
22675.8940	2.5690e-05	9.1403e-07
22687.6660	2.3674e-05	8.7743e-07
22699.4380	2.2406e-05	8.5361e-07
22711.2100	2.3024e-05	8.6530e-07
22722.9820	2.3707e-05	8.7804e-07
22734.7540	2.2243e-05	8.5050e-07
22746.5260	2.3544e-05	8.7502e-07
22758.2980	2.3479e-05	8.7381e-07
22770.0700	2.3934e-05	8.8224e-07
22781.8420	2.2243e-05	8.5050e-07
22793.6140	2.4747e-05	8.9710e-07
22805.3860	2.1853e-05	8.4301e-07
22817.1580	2.1528e-05	8.3671e-07
22828.9300	2.5560e-05	9.1172e-07
22840.7020	2.2959e-05	8.6407e-07
22852.4740	2.3544e-05	8.7502e-07
22864.2460	2.3869e-05	8.8104e-07
22876.0180	2.3121e-05	8.6713e-07
22887.7900	2.4195e-05	8.8702e-07
22899.5620	2.2666e-05	8.5855e-07
22911.3340	2.3219e-05	8.6896e-07
22923.1060	2.4227e-05	8.8762e-07
22934.8780	2.5170e-05	9.0473e-07
22946.6500	2.2504e-05	8.5546e-07
22958.4220	2.3089e-05	8.6652e-07
22970.1940	2.4325e-05	8.8940e-07
22981.9660	2.1756e-05	8.4113e-07
22993.7380	2.2634e-05	8.5793e-07
23005.5100	2.3674e-05	8.7743e-07
23017.2820	2.2991e-05	8.6468e-07
23029.0540	2.3284e-05	8.7017e-07
23040.8260	2.3154e-05	8.6774e-07
23052.5980	2.2764e-05	8.6039e-07
23064.3700	2.5463e-05	9.0997e-07
23076.1420	2.2569e-05	8.5670e-07
23087.9140	2.3349e-05	8.7139e-07
23099.6860	2.3869e-05	8.8104e-07
23111.4580	2.2926e-05	8.6346e-07
23123.2300	2.3252e-05	8.6956e-07
23135.0020	2.2308e-05	8.5175e-07
23146.7740	2.4097e-05	8.8523e-07
23158.5460	2.3544e-05	8.7502e-07
23170.3180	2.2764e-05	8.6039e-07
23182.0900	2.2894e-05	8.6285e-07
23193.8620	2.3349e-05	8.7139e-07
23205.6340	2.2146e-05	8.4864e-07
23217.4060	2.3967e-05	8.8284e-07
23229.1780	2.3089e-05	8.6652e-07
23240.9500	2.3382e-05	8.7199e-07
23252.7220	2.6146e-05	9.2210e-07
23264.4940	2.4845e-05	8.9887e-07
23276.2660	2.3512e-05	8.7441e-07
23288.0380	2.3804e-05	8.7984e-07
23299.8100	2.2601e-05	8.5732e-07
23311.5820	2.2016e-05	8.4614e-07
23323.3540	2.4422e-05	8.9119e-07
23335.1260	2.3479e-05	8.7381e-07
23346.8980	2.4877e-05	8.9945e-07
23358.6700	2.3544e-05	8.7502e-07
23370.4420	2.4032e-05	8.8404e-07
23382.2140	2.3121e-05	8.6713e-07
23393.9860	2.2601e-05	8.5732e-07
23405.7580	2.2861e-05	8.6224e-07
23417.5300	2.3902e-05	8.8164e-07
23429.3020	2.2178e-05	8.4926e-07
23441.0740	2.4292e-05	8.8881e-07
23452.8460	2.3609e-05	8.7623e-07
23464.6180	2.4032e-05	8.8404e-07
23476.3900	2.2731e-05	8.5978e-07
23488.1620	2.4422e-05	8.9119e-07
23499.9340	2.3414e-05	8.7260e-07
23511.7060	2.3934e-05	8.8224e-07
23523.4780	2.5268e-05	9.0648e-07
23535.2500	2.3999e-05	8.8344e-07
23547.0220	2.3479e-05	8.7381e-07
23558.7940	2.5463e-05	9.0997e-07
23570.5660	2.4585e-05	8.9415e-07
23582.3380	2.4812e-05	8.9828e-07
23594.1100	2.4585e-05	8.9415e-07
23605.8820	2.6016e-05	9.1980e-07
23617.6540	2.5235e-05	9.0590e-07
23629.4260	2.3739e-05	8.7864e-07
23641.1980	2.4747e-05	8.9710e-07
23652.9700	2.4390e-05	8.9059e-07
23664.7420	2.5300e-05	9.0706e-07
23676.5140	2.3317e-05	8.7078e-07
23688.2860	2.3414e-05	8.7260e-07
23700.0580	2.3609e-05	8.7623e-07
23711.8300	2.5560e-05	9.1172e-07
23723.6020	2.6146e-05	9.2210e-07
23735.3740	2.2796e-05	8.6101e-07
23747.1460	2.3674e-05	8.7743e-07
23758.9180	2.3999e-05	8.8344e-07
23770.6900	2.5528e-05	9.1114e-07
23782.4620	2.5918e-05	9.1807e-07
23794.2340	2.5105e-05	9.0356e-07
23806.0060	2.4162e-05	8.8643e-07
23817.7780	2.4780e-05	8.9769e-07
23829.5500	2.6016e-05	9.1980e-07
23841.3220	2.4422e-05	8.9119e-07
23853.0940	2.6471e-05	9.2781e-07
23864.8660	2.5333e-05	9.0765e-07
23876.6380	2.5756e-05	9.1519e-07
23888.4100	2.4227e-05	8.8762e-07
23900.1820	2.7447e-05	9.4476e-07
23911.9540	2.6146e-05	9.2210e-07
23923.7260	2.5886e-05	9.1750e-07
23935.4980	2.6731e-05	9.3236e-07
23947.2700	2.5983e-05	9.1923e-07
23959.0420	2.6438e-05	9.2724e-07
23970.8140	2.5853e-05	9.1692e-07
23982.5860	2.6796e-05	9.3350e-07
