-0.3086	5.2149e+03	2.7388e+01
-0.3077	4.9436e+03	2.6666e+01
-0.3067	5.0079e+03	2.6838e+01
-0.3057	4.9549e+03	2.6696e+01
-0.3048	4.9953e+03	2.6804e+01
-0.3038	5.0484e+03	2.6946e+01
-0.3029	5.0189e+03	2.6867e+01
-0.3019	5.0020e+03	2.6822e+01
-0.3010	5.0867e+03	2.7047e+01
-0.3000	5.0643e+03	2.6988e+01
-0.2991	5.0686e+03	2.6999e+01
-0.2981	5.0540e+03	2.6960e+01
-0.2972	5.0709e+03	2.7005e+01
-0.2962	5.1333e+03	2.7170e+01
-0.2953	5.1110e+03	2.7111e+01
-0.2943	5.1463e+03	2.7204e+01
-0.2934	5.1040e+03	2.7092e+01
-0.2924	5.0864e+03	2.7046e+01
-0.2915	5.1194e+03	2.7133e+01
-0.2905	5.1660e+03	2.7255e+01
-0.2896	5.1524e+03	2.7220e+01
-0.2886	5.1206e+03	2.7141e+01
-0.2877	5.1579e+03	2.7234e+01
-0.2867	5.1714e+03	2.7270e+01
-0.2857	5.1774e+03	2.7285e+01
-0.2848	5.2346e+03	2.7435e+01
-0.2838	5.2181e+03	2.7392e+01
-0.2829	5.1816e+03	2.7296e+01
-0.2819	5.2140e+03	2.7397e+01
-0.2810	5.2384e+03	2.7450e+01
-0.2800	5.2547e+03	2.7487e+01
-0.2791	5.2743e+03	2.7538e+01
-0.2781	5.2786e+03	2.7549e+01
-0.2772	5.2419e+03	2.7453e+01
-0.2762	5.2829e+03	2.7560e+01
-0.2753	5.3069e+03	2.7622e+01
-0.2743	5.2679e+03	2.7521e+01
-0.2734	5.3107e+03	2.7632e+01
-0.2724	5.3111e+03	2.7633e+01
-0.2715	5.2834e+03	2.7561e+01
-0.2705	5.2560e+03	2.7490e+01
-0.2696	5.3563e+03	2.7750e+01
-0.2686	5.3303e+03	2.7683e+01
-0.2677	5.2410e+03	2.7451e+01
-0.2667	5.3543e+03	2.7744e+01
-0.2658	5.3461e+03	2.7723e+01
-0.2648	5.3554e+03	2.7747e+01
-0.2638	5.3456e+03	2.7722e+01
-0.2629	5.3040e+03	2.7615e+01
-0.2619	5.2806e+03	2.7554e+01
-0.2610	5.3569e+03	2.7751e+01
-0.2600	5.3300e+03	2.7682e+01
-0.2591	5.4026e+03	2.7868e+01
-0.2581	5.3261e+03	2.7672e+01
-0.2572	5.3656e+03	2.7774e+01
-0.2562	5.3404e+03	2.7709e+01
-0.2553	5.4173e+03	2.7906e+01
-0.2543	5.3639e+03	2.7769e+01
-0.2534	5.4734e+03	2.8050e+01
-0.2524	5.4341e+03	2.7949e+01
-0.2515	5.4200e+03	2.7918e+01
-0.2505	5.3931e+03	2.7849e+01
-0.2496	5.4119e+03	2.7892e+01
-0.2486	5.4370e+03	2.7957e+01
-0.2477	5.4601e+03	2.8016e+01
-0.2467	5.3741e+03	2.7796e+01
-0.2458	5.4229e+03	2.7920e+01
-0.2448	5.4359e+03	2.7954e+01
-0.2438	5.4860e+03	2.8082e+01
-0.2429	5.4497e+03	2.7989e+01
-0.2419	5.4489e+03	2.7987e+01
-0.2410	5.4231e+03	2.7921e+01
-0.2400	5.4610e+03	2.8018e+01
-0.2391	5.4493e+03	2.7988e+01
-0.2381	5.4546e+03	2.8001e+01
-0.2372	5.4640e+03	2.8025e+01
-0.2362	5.5201e+03	2.8168e+01
-0.2353	5.4793e+03	2.8064e+01
-0.2343	5.5553e+03	2.8257e+01
-0.2334	5.4933e+03	2.8100e+01
-0.2324	5.4744e+03	2.8052e+01
-0.2315	5.5501e+03	2.8244e+01
-0.2305	5.4557e+03	2.8004e+01
-0.2296	5.4594e+03	2.8014e+01
-0.2286	5.5459e+03	2.8233e+01
-0.2277	5.4730e+03	2.8048e+01
-0.2267	5.5136e+03	2.8152e+01
-0.2258	5.5674e+03	2.8288e+01
-0.2248	5.5746e+03	2.8306e+01
-0.2238	5.5219e+03	2.8173e+01
-0.2229	5.5297e+03	2.8192e+01
-0.2219	5.5131e+03	2.8150e+01
-0.2210	5.5273e+03	2.8186e+01
-0.2200	5.6099e+03	2.8395e+01
-0.2191	5.5701e+03	2.8295e+01
-0.2181	5.5696e+03	2.8298e+01
-0.2172	5.6236e+03	2.8429e+01
-0.2162	5.5639e+03	2.8279e+01
-0.2153	5.5386e+03	2.8215e+01
-0.2143	5.6207e+03	2.8422e+01
-0.2134	5.5310e+03	2.8201e+01
-0.2124	5.5174e+03	2.8161e+01
-0.2115	5.5697e+03	2.8294e+01
-0.2105	5.6206e+03	2.8422e+01
-0.2096	5.6297e+03	2.8445e+01
-0.2086	5.5894e+03	2.8343e+01
-0.2077	5.5911e+03	2.8348e+01
-0.2067	5.6156e+03	2.8409e+01
-0.2058	5.6150e+03	2.8408e+01
-0.2048	5.6590e+03	2.8518e+01
-0.2038	5.6509e+03	2.8498e+01
-0.2029	5.6331e+03	2.8453e+01
-0.2019	5.6423e+03	2.8476e+01
-0.2010	5.6147e+03	2.8407e+01
-0.2000	5.6477e+03	2.8490e+01
-0.1991	5.6507e+03	2.8497e+01
-0.1981	5.6716e+03	2.8550e+01
-0.1972	5.5933e+03	2.8368e+01
-0.1962	5.6127e+03	2.8422e+01
-0.1953	5.6747e+03	2.8572e+01
-0.1943	5.6504e+03	2.8507e+01
-0.1934	5.6986e+03	2.8627e+01
-0.1924	5.7413e+03	2.8724e+01
-0.1915	5.7016e+03	2.8625e+01
-0.1905	5.6390e+03	2.8468e+01
-0.1896	5.6914e+03	2.8599e+01
-0.1886	5.7239e+03	2.8680e+01
-0.1877	5.6853e+03	2.8584e+01
-0.1867	5.7164e+03	2.8662e+01
-0.1858	5.7256e+03	2.8684e+01
-0.1848	5.6961e+03	2.8611e+01
-0.1838	5.7024e+03	2.8627e+01
-0.1829	5.7096e+03	2.8645e+01
-0.1819	5.7357e+03	2.8710e+01
-0.1810	5.7281e+03	2.8691e+01
-0.1800	5.7463e+03	2.8736e+01
-0.1791	5.7206e+03	2.8672e+01
-0.1781	5.7159e+03	2.8665e+01
-0.1772	5.7640e+03	2.8780e+01
-0.1762	5.7389e+03	2.8717e+01
-0.1753	5.7481e+03	2.8741e+01
-0.1743	5.7254e+03	2.8684e+01
-0.1734	5.7146e+03	2.8657e+01
-0.1724	5.7359e+03	2.8710e+01
-0.1715	5.7863e+03	2.8835e+01
-0.1705	5.6659e+03	2.8535e+01
-0.1696	5.7131e+03	2.8653e+01
-0.1686	5.8220e+03	2.8924e+01
-0.1677	5.7490e+03	2.8743e+01
-0.1667	5.8137e+03	2.8903e+01
-0.1657	5.7084e+03	2.8642e+01
-0.1648	5.7781e+03	2.8815e+01
-0.1638	5.8149e+03	2.8906e+01
-0.1629	5.7591e+03	2.8768e+01
-0.1619	5.8273e+03	2.8937e+01
-0.1610	5.8299e+03	2.8943e+01
-0.1600	5.8834e+03	2.9075e+01
-0.1591	5.8064e+03	2.8885e+01
-0.1581	5.7297e+03	2.8695e+01
-0.1572	5.8543e+03	2.9003e+01
-0.1562	5.8454e+03	2.8981e+01
-0.1553	5.8356e+03	2.8957e+01
-0.1543	5.8253e+03	2.8932e+01
-0.1534	5.8063e+03	2.8885e+01
-0.1524	5.8697e+03	2.9041e+01
-0.1515	5.8349e+03	2.8955e+01
-0.1505	5.8600e+03	2.9017e+01
-0.1496	5.8077e+03	2.8888e+01
-0.1486	5.8677e+03	2.9036e+01
-0.1477	5.8067e+03	2.8886e+01
-0.1467	5.9073e+03	2.9133e+01
-0.1457	5.8723e+03	2.9047e+01
-0.1448	5.8281e+03	2.8939e+01
-0.1438	5.8207e+03	2.8920e+01
-0.1429	5.9260e+03	2.9179e+01
-0.1419	5.9236e+03	2.9173e+01
-0.1410	5.8826e+03	2.9073e+01
-0.1400	5.8623e+03	2.9023e+01
-0.1391	5.9573e+03	2.9256e+01
-0.1381	5.9684e+03	2.9283e+01
-0.1372	5.9386e+03	2.9210e+01
-0.1362	5.9063e+03	2.9131e+01
-0.1353	5.9034e+03	2.9124e+01
-0.1343	5.9370e+03	2.9206e+01
-0.1334	5.9391e+03	2.9211e+01
-0.1324	5.9214e+03	2.9168e+01
-0.1315	5.9633e+03	2.9270e+01
-0.1305	5.9483e+03	2.9234e+01
-0.1296	5.9100e+03	2.9150e+01
-0.1286	5.9454e+03	2.9237e+01
-0.1276	5.9991e+03	2.9358e+01
-0.1267	5.9350e+03	2.9201e+01
-0.1257	5.9791e+03	2.9309e+01
-0.1248	5.9869e+03	2.9328e+01
-0.1238	6.0273e+03	2.9426e+01
-0.1229	5.9919e+03	2.9340e+01
-0.1219	5.9446e+03	2.9225e+01
-0.1210	5.9833e+03	2.9319e+01
-0.1200	6.0363e+03	2.9448e+01
-0.1191	6.0453e+03	2.9470e+01
-0.1181	5.9954e+03	2.9349e+01
-0.1172	5.9894e+03	2.9334e+01
-0.1162	6.0286e+03	2.9429e+01
-0.1153	5.9510e+03	2.9245e+01
-0.1143	6.0112e+03	2.9387e+01
-0.1134	6.0440e+03	2.9467e+01
-0.1124	5.9969e+03	2.9352e+01
-0.1115	6.0421e+03	2.9462e+01
-0.1105	6.0599e+03	2.9505e+01
-0.1095	6.0206e+03	2.9410e+01
-0.1086	6.0353e+03	2.9446e+01
-0.1076	6.0771e+03	2.9547e+01
-0.1067	6.0584e+03	2.9502e+01
-0.1057	6.0467e+03	2.9473e+01
-0.1048	6.0567e+03	2.9497e+01
-0.1038	6.0880e+03	2.9573e+01
-0.1029	6.1183e+03	2.9646e+01
-0.1019	6.1317e+03	2.9679e+01
-0.1010	6.0869e+03	2.9570e+01
-0.1000	6.1023e+03	2.9608e+01
-0.0991	6.0411e+03	2.9460e+01
-0.0981	6.0973e+03	2.9596e+01
-0.0972	6.1640e+03	2.9756e+01
-0.0962	6.1270e+03	2.9667e+01
-0.0953	6.0890e+03	2.9576e+01
-0.0943	6.1397e+03	2.9698e+01
-0.0934	6.1771e+03	2.9792e+01
-0.0924	6.2459e+03	2.9952e+01
-0.0915	6.2306e+03	2.9916e+01
-0.0905	6.2019e+03	2.9847e+01
-0.0895	6.1647e+03	2.9758e+01
-0.0886	6.1671e+03	2.9764e+01
-0.0876	6.2207e+03	2.9892e+01
-0.0867	6.2359e+03	2.9928e+01
-0.0857	6.1491e+03	2.9720e+01
-0.0848	6.2326e+03	2.9920e+01
-0.0838	6.1967e+03	2.9835e+01
-0.0829	6.2503e+03	2.9963e+01
-0.0819	6.1699e+03	2.9770e+01
-0.0810	6.2381e+03	2.9934e+01
-0.0800	6.1464e+03	2.9714e+01
-0.0791	6.0954e+03	2.9591e+01
-0.0781	5.9290e+03	2.9187e+01
-0.0772	-4.2200e+02	0.0000e+00
-0.0762	6.3553e+03	3.0212e+01
-0.0753	6.2607e+03	2.9987e+01
-0.0743	6.2167e+03	2.9887e+01
-0.0734	6.3684e+03	3.0243e+01
-0.0724	6.2554e+03	2.9975e+01
-0.0714	6.2520e+03	2.9967e+01
-0.0705	6.2839e+03	3.0042e+01
-0.0695	6.2844e+03	3.0044e+01
-0.0686	6.2680e+03	3.0005e+01
-0.0676	6.3021e+03	3.0086e+01
-0.0667	6.2917e+03	3.0061e+01
-0.0657	6.3179e+03	3.0123e+01
-0.0648	6.3231e+03	3.0136e+01
-0.0638	6.2709e+03	3.0012e+01
-0.0629	6.3389e+03	3.0173e+01
-0.0619	6.3096e+03	3.0104e+01
-0.0610	6.3596e+03	3.0222e+01
-0.0600	6.3672e+03	3.0240e+01
-0.0591	6.3662e+03	3.0238e+01
-0.0581	6.3760e+03	3.0261e+01
-0.0572	6.3824e+03	3.0276e+01
-0.0562	6.3839e+03	3.0289e+01
-0.0553	6.3727e+03	3.0253e+01
-0.0543	6.4794e+03	3.0504e+01
-0.0533	6.3973e+03	3.0311e+01
-0.0524	6.4579e+03	3.0453e+01
-0.0514	6.4670e+03	3.0475e+01
-0.0505	6.4360e+03	3.0407e+01
-0.0495	6.5199e+03	3.0598e+01
-0.0486	6.5399e+03	3.0645e+01
-0.0476	6.4857e+03	3.0519e+01
-0.0467	6.4663e+03	3.0473e+01
-0.0457	6.4997e+03	3.0551e+01
-0.0448	6.4879e+03	3.0524e+01
-0.0438	6.5119e+03	3.0580e+01
-0.0429	6.4974e+03	3.0546e+01
-0.0419	6.5297e+03	3.0621e+01
-0.0410	6.5460e+03	3.0659e+01
-0.0400	6.6116e+03	3.0816e+01
-0.0391	6.6536e+03	3.0909e+01
-0.0381	6.6669e+03	3.0940e+01
-0.0372	6.7042e+03	3.1026e+01
-0.0362	6.8440e+03	3.1346e+01
-0.0352	6.9416e+03	3.1568e+01
-0.0343	7.0627e+03	3.1840e+01
-0.0333	7.2504e+03	3.2259e+01
-0.0324	7.5731e+03	3.2966e+01
-0.0314	7.9231e+03	3.3715e+01
-0.0305	8.4311e+03	3.4775e+01
-0.0295	8.8003e+03	3.5525e+01
-0.0286	9.1429e+03	3.6207e+01
-0.0276	9.2293e+03	3.6378e+01
-0.0267	9.1149e+03	3.6152e+01
-0.0257	8.9687e+03	3.5862e+01
-0.0248	8.8376e+03	3.5600e+01
-0.0238	8.6109e+03	3.5142e+01
-0.0229	8.4107e+03	3.4733e+01
-0.0219	8.3224e+03	3.4551e+01
-0.0210	8.3666e+03	3.4642e+01
-0.0200	8.5693e+03	3.5058e+01
-0.0191	8.7187e+03	3.5361e+01
-0.0181	8.8463e+03	3.5618e+01
-0.0171	9.0403e+03	3.6005e+01
-0.0162	9.3600e+03	3.6633e+01
-0.0152	9.7444e+03	3.7375e+01
-0.0143	1.0148e+04	3.8139e+01
-0.0133	1.0879e+04	3.9485e+01
-0.0124	1.1776e+04	4.1076e+01
-0.0114	1.3091e+04	4.3301e+01
-0.0105	1.4782e+04	4.6006e+01
-0.0095	1.5583e+04	4.7234e+01
-0.0086	5.7629e+03	2.8777e+01
-0.0076	4.6143e+03	2.5769e+01
-0.0067	4.5971e+03	2.5721e+01
-0.0057	4.5456e+03	2.5578e+01
-0.0048	4.5409e+03	2.5565e+01
-0.0038	4.5660e+03	2.5635e+01
-0.0029	4.5294e+03	2.5533e+01
-0.0019	4.5060e+03	2.5467e+01
-0.0010	4.5759e+03	2.5662e+01
0.0000	4.5393e+03	2.5560e+01
0.0010	4.5843e+03	2.5686e+01
0.0019	4.4691e+03	2.5363e+01
0.0029	4.5629e+03	2.5626e+01
0.0038	4.5527e+03	2.5598e+01
0.0048	4.5439e+03	2.5573e+01
0.0057	4.5223e+03	2.5513e+01
0.0067	4.6589e+03	2.5892e+01
0.0076	6.0587e+03	2.9502e+01
0.0086	1.9221e+04	5.2447e+01
0.0095	1.7365e+04	4.9855e+01
0.0105	1.4854e+04	4.6118e+01
0.0114	1.3352e+04	4.3730e+01
0.0124	1.2086e+04	4.1611e+01
0.0133	1.1013e+04	3.9726e+01
0.0143	1.0352e+04	3.8519e+01
0.0152	9.7919e+03	3.7466e+01
0.0162	9.3736e+03	3.6660e+01
0.0171	9.0637e+03	3.6051e+01
0.0181	8.8373e+03	3.5600e+01
0.0191	8.6156e+03	3.5152e+01
0.0200	8.4069e+03	3.4725e+01
0.0210	8.3607e+03	3.4630e+01
0.0219	8.2774e+03	3.4458e+01
0.0229	8.3259e+03	3.4558e+01
0.0238	8.3950e+03	3.4701e+01
0.0248	8.5824e+03	3.5084e+01
0.0257	8.7850e+03	3.5494e+01
0.0267	9.0341e+03	3.5992e+01
0.0276	9.0823e+03	3.6088e+01
0.0286	8.9820e+03	3.5889e+01
0.0295	8.7786e+03	3.5482e+01
0.0305	8.3374e+03	3.4582e+01
0.0314	7.9107e+03	3.3689e+01
0.0324	7.4950e+03	3.2796e+01
0.0333	7.2021e+03	3.2156e+01
0.0343	6.9883e+03	3.1673e+01
0.0352	6.8851e+03	3.1440e+01
0.0362	6.6990e+03	3.1014e+01
0.0372	6.6553e+03	3.0913e+01
0.0381	6.5351e+03	3.0634e+01
0.0391	6.5449e+03	3.0657e+01
0.0400	6.5200e+03	3.0599e+01
0.0410	6.4386e+03	3.0408e+01
0.0419	6.3980e+03	3.0313e+01
0.0429	6.4280e+03	3.0383e+01
0.0438	6.4686e+03	3.0478e+01
0.0448	6.3601e+03	3.0223e+01
0.0457	6.3709e+03	3.0249e+01
0.0467	6.3426e+03	3.0182e+01
0.0476	6.3253e+03	3.0141e+01
0.0486	6.3099e+03	3.0104e+01
0.0495	6.3404e+03	3.0177e+01
0.0505	6.3380e+03	3.0171e+01
0.0514	6.3461e+03	3.0190e+01
0.0524	6.3429e+03	3.0182e+01
0.0533	6.3279e+03	3.0147e+01
0.0543	6.3153e+03	3.0117e+01
0.0553	6.2484e+03	2.9963e+01
0.0562	6.2310e+03	2.9917e+01
0.0572	6.2480e+03	2.9957e+01
0.0581	6.2949e+03	3.0069e+01
0.0591	6.2354e+03	2.9927e+01
0.0600	6.2720e+03	3.0014e+01
0.0610	6.2641e+03	2.9996e+01
0.0619	6.1859e+03	2.9809e+01
0.0629	6.2086e+03	2.9863e+01
0.0638	6.1577e+03	2.9741e+01
0.0648	6.1761e+03	2.9785e+01
0.0657	6.1534e+03	2.9731e+01
0.0667	6.1186e+03	2.9647e+01
0.0676	6.1591e+03	2.9749e+01
0.0686	6.0937e+03	2.9587e+01
0.0695	6.1136e+03	2.9640e+01
0.0705	6.1046e+03	2.9613e+01
0.0714	6.1570e+03	2.9739e+01
0.0724	6.1799e+03	2.9794e+01
0.0734	6.1250e+03	2.9662e+01
0.0743	6.0944e+03	2.9589e+01
0.0753	6.0979e+03	2.9597e+01
0.0762	6.0926e+03	2.9584e+01
0.0772	6.0924e+03	2.9584e+01
0.0781	6.0527e+03	2.9488e+01
0.0791	6.0723e+03	2.9535e+01
0.0800	6.0817e+03	2.9558e+01
0.0810	6.0399e+03	2.9457e+01
0.0819	6.0603e+03	2.9506e+01
0.0829	6.0884e+03	2.9574e+01
0.0838	6.0987e+03	2.9599e+01
0.0848	6.0326e+03	2.9439e+01
0.0857	6.0397e+03	2.9456e+01
0.0867	6.0527e+03	2.9488e+01
0.0876	6.0943e+03	2.9588e+01
0.0886	6.0691e+03	2.9528e+01
0.0895	6.0139e+03	2.9394e+01
0.0905	6.0607e+03	2.9507e+01
0.0915	6.0300e+03	2.9433e+01
0.0924	5.9873e+03	2.9329e+01
0.0934	6.0393e+03	2.9455e+01
0.0943	5.9431e+03	2.9221e+01
0.0953	6.0347e+03	2.9444e+01
0.0962	5.9734e+03	2.9295e+01
0.0972	6.0290e+03	2.9430e+01
0.0981	6.0153e+03	2.9397e+01
0.0991	6.0139e+03	2.9394e+01
0.1000	5.9626e+03	2.9269e+01
0.1010	6.0117e+03	2.9393e+01
0.1019	5.9131e+03	2.9148e+01
0.1029	5.9783e+03	2.9307e+01
0.1038	5.9839e+03	2.9321e+01
0.1048	5.9629e+03	2.9269e+01
0.1057	5.9529e+03	2.9245e+01
0.1067	5.8699e+03	2.9046e+01
0.1076	5.9551e+03	2.9251e+01
0.1086	5.8987e+03	2.9112e+01
0.1095	5.9803e+03	2.9312e+01
0.1105	5.8859e+03	2.9081e+01
0.1115	5.8793e+03	2.9065e+01
0.1124	5.8844e+03	2.9077e+01
0.1134	5.8523e+03	2.8998e+01
0.1143	5.8943e+03	2.9102e+01
0.1153	5.9111e+03	2.9143e+01
0.1162	5.8454e+03	2.8981e+01
0.1172	5.9224e+03	2.9171e+01
0.1181	5.9317e+03	2.9193e+01
0.1191	5.8933e+03	2.9099e+01
0.1200	5.8056e+03	2.8883e+01
0.1210	5.8601e+03	2.9018e+01
0.1219	5.8439e+03	2.8977e+01
0.1229	5.8334e+03	2.8952e+01
0.1238	5.8440e+03	2.8978e+01
0.1248	5.7904e+03	2.8845e+01
0.1257	5.8423e+03	2.8974e+01
0.1267	5.8439e+03	2.8977e+01
0.1276	5.7969e+03	2.8861e+01
0.1286	5.7891e+03	2.8842e+01
0.1296	5.7774e+03	2.8813e+01
0.1305	5.8223e+03	2.8924e+01
0.1315	5.8589e+03	2.9014e+01
0.1324	5.7383e+03	2.8716e+01
0.1334	5.8077e+03	2.8888e+01
0.1343	5.7567e+03	2.8762e+01
0.1353	5.7350e+03	2.8708e+01
0.1362	5.8189e+03	2.8916e+01
0.1372	5.7590e+03	2.8768e+01
0.1381	5.7296e+03	2.8694e+01
0.1391	5.7667e+03	2.8787e+01
0.1400	5.7380e+03	2.8715e+01
0.1410	5.7373e+03	2.8714e+01
0.1419	5.7640e+03	2.8780e+01
0.1429	5.7573e+03	2.8763e+01
0.1438	5.7358e+03	2.8710e+01
0.1448	5.8139e+03	2.8904e+01
0.1457	5.8239e+03	2.8928e+01
0.1467	5.7077e+03	2.8640e+01
0.1477	5.7004e+03	2.8622e+01
0.1486	5.6977e+03	2.8615e+01
0.1496	5.6631e+03	2.8529e+01
0.1505	5.7174e+03	2.8664e+01
0.1515	5.6864e+03	2.8592e+01
0.1524	5.6354e+03	2.8459e+01
0.1534	5.6717e+03	2.8550e+01
0.1543	5.7150e+03	2.8658e+01
0.1553	-4.2000e+02	0.0000e+00
0.1562	-4.2000e+02	0.0000e+00
0.1572	-4.2000e+02	0.0000e+00
0.1581	-4.2000e+02	0.0000e+00
0.1591	-4.2000e+02	0.0000e+00
0.1600	-4.2000e+02	0.0000e+00
0.1610	-4.2000e+02	0.0000e+00
0.1619	7.1330e+03	3.1998e+01
0.1629	5.5624e+03	2.8275e+01
0.1638	5.5183e+03	2.8164e+01
0.1648	5.6194e+03	2.8419e+01
0.1657	5.6034e+03	2.8379e+01
0.1667	5.7353e+03	2.8709e+01
0.1677	5.6110e+03	2.8398e+01
0.1686	5.6286e+03	2.8442e+01
0.1696	5.6254e+03	2.8434e+01
0.1705	5.6603e+03	2.8521e+01
0.1715	5.6410e+03	2.8473e+01
0.1724	5.6050e+03	2.8383e+01
0.1734	5.6470e+03	2.8488e+01
0.1743	5.6194e+03	2.8419e+01
0.1753	5.5929e+03	2.8352e+01
0.1762	5.5416e+03	2.8223e+01
0.1772	5.5600e+03	2.8274e+01
0.1781	5.5629e+03	2.8276e+01
0.1791	5.5431e+03	2.8226e+01
0.1800	5.5906e+03	2.8346e+01
0.1810	5.5101e+03	2.8143e+01
0.1819	5.5459e+03	2.8233e+01
0.1829	5.5597e+03	2.8268e+01
0.1838	5.5617e+03	2.8273e+01
0.1848	5.5500e+03	2.8244e+01
0.1858	5.5729e+03	2.8302e+01
0.1867	5.5839e+03	2.8329e+01
0.1877	5.5263e+03	2.8184e+01
0.1886	5.5639e+03	2.8279e+01
0.1896	5.5380e+03	2.8213e+01
0.1905	5.5310e+03	2.8196e+01
0.1915	5.8911e+03	2.9094e+01
0.1924	5.7971e+03	2.8862e+01
0.1934	5.5798e+03	2.8319e+01
0.1943	5.5631e+03	2.8277e+01
0.1953	5.5180e+03	2.8163e+01
0.1962	5.5176e+03	2.8162e+01
0.1972	5.4773e+03	2.8059e+01
0.1981	5.4956e+03	2.8106e+01
0.1991	5.4961e+03	2.8107e+01
0.2000	5.4540e+03	2.8000e+01
0.2010	5.4671e+03	2.8034e+01
0.2019	5.4581e+03	2.8011e+01
0.2029	5.4257e+03	2.7928e+01
0.2038	5.5174e+03	2.8161e+01
0.2048	5.4901e+03	2.8092e+01
0.2058	5.4833e+03	2.8075e+01
0.2067	5.4037e+03	2.7871e+01
0.2077	5.4863e+03	2.8082e+01
0.2086	5.4423e+03	2.7970e+01
0.2096	5.4130e+03	2.7895e+01
0.2105	5.4594e+03	2.8014e+01
0.2115	5.4170e+03	2.7905e+01
0.2124	5.4706e+03	2.8042e+01
0.2134	5.4019e+03	2.7867e+01
0.2143	5.3907e+03	2.7838e+01
0.2153	5.4431e+03	2.7972e+01
0.2162	5.4113e+03	2.7891e+01
0.2172	5.4106e+03	2.7889e+01
0.2181	5.4791e+03	2.8064e+01
0.2191	5.4680e+03	2.8036e+01
0.2200	5.4384e+03	2.7960e+01
0.2210	5.4280e+03	2.7934e+01
0.2219	5.4069e+03	2.7879e+01
0.2229	5.3850e+03	2.7823e+01
0.2238	5.4111e+03	2.7890e+01
0.2248	5.4144e+03	2.7899e+01
0.2258	5.3940e+03	2.7847e+01
0.2267	5.3799e+03	2.7810e+01
0.2277	5.4291e+03	2.7937e+01
0.2286	5.3999e+03	2.7862e+01
0.2296	5.3780e+03	2.7805e+01
0.2305	5.4171e+03	2.7906e+01
0.2315	5.3666e+03	2.7776e+01
0.2324	5.3866e+03	2.7827e+01
0.2334	5.3696e+03	2.7784e+01
0.2343	5.4071e+03	2.7880e+01
0.2353	5.3137e+03	2.7640e+01
0.2362	5.3310e+03	2.7684e+01
0.2372	5.3207e+03	2.7658e+01
0.2381	5.3706e+03	2.7786e+01
0.2391	5.3367e+03	2.7699e+01
0.2400	5.3724e+03	2.7791e+01
0.2410	5.3669e+03	2.7777e+01
0.2419	5.3841e+03	2.7821e+01
0.2429	5.3673e+03	2.7783e+01
0.2438	5.3044e+03	2.7616e+01
0.2448	5.2614e+03	2.7504e+01
0.2458	5.3890e+03	2.7834e+01
0.2467	5.4040e+03	2.7872e+01
0.2477	5.2814e+03	2.7556e+01
0.2486	5.3070e+03	2.7622e+01
0.2496	5.3074e+03	2.7624e+01
0.2505	5.3180e+03	2.7651e+01
0.2515	5.3611e+03	2.7762e+01
0.2524	5.3467e+03	2.7725e+01
0.2534	5.3247e+03	2.7668e+01
0.2543	5.2423e+03	2.7465e+01
0.2553	5.3204e+03	2.7657e+01
0.2562	5.2896e+03	2.7577e+01
0.2572	5.2677e+03	2.7521e+01
0.2581	5.2841e+03	2.7563e+01
0.2591	5.2786e+03	2.7549e+01
0.2600	5.2587e+03	2.7497e+01
0.2610	5.3039e+03	2.7614e+01
0.2619	5.2760e+03	2.7542e+01
0.2629	5.2911e+03	2.7581e+01
0.2638	5.2377e+03	2.7443e+01
0.2648	5.2896e+03	2.7577e+01
0.2658	5.2247e+03	2.7409e+01
0.2667	5.2597e+03	2.7500e+01
0.2677	5.2807e+03	2.7554e+01
0.2686	5.2017e+03	2.7349e+01
0.2696	5.2437e+03	2.7458e+01
0.2705	5.2224e+03	2.7403e+01
0.2715	5.2507e+03	2.7477e+01
0.2724	5.2310e+03	2.7430e+01
0.2734	5.2287e+03	2.7419e+01
0.2743	5.2153e+03	2.7384e+01
0.2753	5.2284e+03	2.7419e+01
0.2762	5.2613e+03	2.7504e+01
0.2772	5.2663e+03	2.7517e+01
0.2781	5.2186e+03	2.7393e+01
0.2791	5.2090e+03	2.7368e+01
0.2800	5.1953e+03	2.7332e+01
0.2810	5.2041e+03	2.7355e+01
0.2819	5.1981e+03	2.7340e+01
0.2829	5.2194e+03	2.7395e+01
0.2838	5.2246e+03	2.7408e+01
0.2848	5.2710e+03	2.7529e+01
0.2857	5.1866e+03	2.7309e+01
0.2867	5.2276e+03	2.7416e+01
0.2877	5.1633e+03	2.7248e+01
0.2886	5.1719e+03	2.7271e+01
0.2896	5.2026e+03	2.7351e+01
0.2905	5.1916e+03	2.7322e+01
0.2915	5.1713e+03	2.7269e+01
0.2924	5.1963e+03	2.7335e+01
0.2934	5.1470e+03	2.7211e+01
0.2943	5.1093e+03	2.7112e+01
0.2953	5.1499e+03	2.7213e+01
0.2962	5.1711e+03	2.7269e+01
0.2972	5.1607e+03	2.7242e+01
0.2981	5.1663e+03	2.7256e+01
0.2991	5.1840e+03	2.7303e+01
0.3000	5.1590e+03	2.7237e+01
0.3010	5.2010e+03	2.7347e+01
0.3019	5.1641e+03	2.7251e+01
0.3029	5.1541e+03	2.7224e+01
0.3038	5.1271e+03	2.7153e+01
0.3048	5.2183e+03	2.7392e+01
0.3057	5.1686e+03	2.7262e+01
0.3067	5.1727e+03	2.7273e+01
0.3077	5.1530e+03	2.7221e+01
0.3086	5.1376e+03	2.7181e+01
0.3096	5.1384e+03	2.7183e+01
0.3105	5.2194e+03	2.7395e+01
0.3115	5.1503e+03	2.7214e+01
0.3124	5.1689e+03	2.7268e+01
0.3134	5.1091e+03	2.7106e+01
0.3143	5.1237e+03	2.7144e+01
0.3153	5.1227e+03	2.7142e+01
0.3162	5.1584e+03	2.7236e+01
0.3172	5.1286e+03	2.7157e+01
0.3181	5.1536e+03	2.7228e+01
0.3191	5.1560e+03	2.7229e+01
0.3200	5.1007e+03	2.7084e+01
0.3210	5.1386e+03	2.7183e+01
0.3219	5.1343e+03	2.7172e+01
0.3229	5.1140e+03	2.7119e+01
0.3238	5.1394e+03	2.7186e+01
0.3248	5.1009e+03	2.7084e+01
0.3257	5.0924e+03	2.7062e+01
0.3267	5.0674e+03	2.7001e+01
0.3276	5.1253e+03	2.7148e+01
0.3286	5.1184e+03	2.7130e+01
0.3295	5.1317e+03	2.7171e+01
0.3305	5.0936e+03	2.7065e+01
0.3315	5.1037e+03	2.7092e+01
0.3324	5.0914e+03	2.7059e+01
0.3334	5.1006e+03	2.7083e+01
0.3343	5.1010e+03	2.7085e+01
0.3353	5.1176e+03	2.7128e+01
0.3362	5.1076e+03	2.7102e+01
0.3372	5.0814e+03	2.7033e+01
0.3381	5.0923e+03	2.7062e+01
0.3391	5.1031e+03	2.7090e+01
0.3400	5.0860e+03	2.7045e+01
0.3410	5.1393e+03	2.7185e+01
0.3419	5.0804e+03	2.7030e+01
0.3429	5.0544e+03	2.6961e+01
0.3438	5.0679e+03	2.6997e+01
0.3448	5.0419e+03	2.6928e+01
0.3457	5.0514e+03	2.6953e+01
0.3467	5.0643e+03	2.6988e+01
0.3476	5.0397e+03	2.6922e+01
0.3486	5.0964e+03	2.7072e+01
0.3495	5.0401e+03	2.6924e+01
0.3505	5.0743e+03	2.7014e+01
0.3514	5.0186e+03	2.6866e+01
0.3524	5.0387e+03	2.6920e+01
0.3534	5.0170e+03	2.6862e+01
0.3543	5.0261e+03	2.6886e+01
0.3553	5.0543e+03	2.6961e+01
0.3562	4.9717e+03	2.6741e+01
0.3572	5.0781e+03	2.7024e+01
0.3581	5.0453e+03	2.6937e+01
0.3591	5.0083e+03	2.6839e+01
0.3600	5.0447e+03	2.6936e+01
0.3610	5.0129e+03	2.6851e+01
0.3619	5.0416e+03	2.6927e+01
0.3629	5.0463e+03	2.6940e+01
0.3638	5.0813e+03	2.7032e+01
0.3648	5.0327e+03	2.6904e+01
0.3657	4.9991e+03	2.6815e+01
0.3667	5.0563e+03	2.6966e+01
0.3676	4.9933e+03	2.6799e+01
0.3686	5.0311e+03	2.6900e+01
0.3695	4.9990e+03	2.6814e+01
0.3705	4.9919e+03	2.6795e+01
0.3714	5.0063e+03	2.6834e+01
0.3724	4.9811e+03	2.6767e+01
0.3733	5.0366e+03	2.6914e+01
0.3743	5.0151e+03	2.6857e+01
0.3752	5.0217e+03	2.6875e+01
0.3762	4.9773e+03	2.6756e+01
0.3772	5.0390e+03	2.6921e+01
0.3781	4.9879e+03	2.6784e+01
0.3791	4.9869e+03	2.6782e+01
0.3800	5.0027e+03	2.6824e+01
0.3810	5.0301e+03	2.6897e+01
0.3819	4.9753e+03	2.6751e+01
0.3829	4.9833e+03	2.6772e+01
0.3838	5.0336e+03	2.6906e+01
0.3848	5.0131e+03	2.6852e+01
0.3857	4.9829e+03	2.6771e+01
0.3867	4.9281e+03	2.6625e+01
0.3876	4.9831e+03	2.6772e+01
0.3886	4.9269e+03	2.6621e+01
0.3895	4.9467e+03	2.6675e+01
0.3905	4.8576e+03	2.6435e+01
0.3914	4.7950e+03	2.6265e+01
0.3924	4.8657e+03	2.6457e+01
0.3933	-4.2200e+02	0.0000e+00
0.3943	4.9907e+03	2.6792e+01
0.3952	4.8046e+03	2.6329e+01
0.3962	4.8863e+03	2.6512e+01
0.3971	5.0146e+03	2.6856e+01
0.3981	5.0049e+03	2.6830e+01
0.3990	5.0569e+03	2.6968e+01
0.4000	5.0130e+03	2.6851e+01
0.4010	5.0389e+03	2.6920e+01
0.4019	4.9944e+03	2.6802e+01
0.4029	4.9566e+03	2.6701e+01
0.4038	4.9426e+03	2.6663e+01
0.4048	5.0137e+03	2.6853e+01
0.4057	4.9723e+03	2.6743e+01
0.4067	4.9154e+03	2.6591e+01
0.4076	5.0163e+03	2.6860e+01
0.4086	4.9834e+03	2.6773e+01
0.4095	4.9360e+03	2.6646e+01
0.4105	4.9806e+03	2.6765e+01
0.4114	4.9526e+03	2.6690e+01
0.4124	4.9616e+03	2.6714e+01
0.4133	4.9440e+03	2.6667e+01
0.4143	4.9310e+03	2.6632e+01
0.4152	4.9549e+03	2.6696e+01
0.4162	4.9986e+03	2.6813e+01
0.4171	4.9121e+03	2.6587e+01
0.4181	4.9331e+03	2.6638e+01
0.4190	4.9854e+03	2.6778e+01
0.4200	4.9800e+03	2.6764e+01
0.4209	4.9981e+03	2.6812e+01
0.4219	4.9490e+03	2.6681e+01
0.4228	4.9620e+03	2.6715e+01
0.4238	4.9910e+03	2.6793e+01
0.4247	4.9753e+03	2.6751e+01
0.4257	4.9711e+03	2.6740e+01
0.4266	4.9343e+03	2.6641e+01
0.4276	4.9299e+03	2.6629e+01
0.4286	4.9707e+03	2.6739e+01
0.4295	4.9271e+03	2.6622e+01
0.4305	4.9386e+03	2.6653e+01
0.4314	4.9441e+03	2.6668e+01
0.4324	4.9201e+03	2.6603e+01
0.4333	4.9496e+03	2.6682e+01
0.4343	4.9129e+03	2.6589e+01
0.4352	4.8881e+03	2.6523e+01
0.4362	4.9291e+03	2.6627e+01
0.4371	4.9120e+03	2.6581e+01
0.4381	4.9464e+03	2.6674e+01
0.4390	4.9076e+03	2.6570e+01
0.4400	4.9564e+03	2.6701e+01
0.4409	4.9204e+03	2.6604e+01
0.4419	4.8700e+03	2.6468e+01
0.4428	4.9120e+03	2.6587e+01
0.4438	4.9474e+03	2.6676e+01
0.4447	4.9396e+03	2.6655e+01
0.4457	4.8337e+03	2.6370e+01
0.4466	4.8941e+03	2.6533e+01
0.4476	4.9143e+03	2.6588e+01
0.4485	4.9213e+03	2.6606e+01
0.4495	4.8796e+03	2.6494e+01
0.4504	4.9183e+03	2.6598e+01
0.4514	4.9446e+03	2.6669e+01
0.4523	4.9311e+03	2.6633e+01
0.4533	4.9104e+03	2.6577e+01
0.4542	4.8064e+03	2.6302e+01
0.4552	4.9141e+03	2.6587e+01
0.4562	4.8189e+03	2.6330e+01
0.4571	4.8704e+03	2.6469e+01
0.4581	4.8287e+03	2.6357e+01
0.4590	4.8987e+03	2.6546e+01
0.4600	4.8833e+03	2.6504e+01
0.4609	4.8713e+03	2.6472e+01
0.4619	4.8394e+03	2.6386e+01
0.4628	4.8686e+03	2.6464e+01
0.4638	4.8300e+03	2.6360e+01
0.4647	4.8897e+03	2.6521e+01
0.4657	4.8317e+03	2.6365e+01
0.4666	4.8567e+03	2.6432e+01
0.4676	4.8227e+03	2.6340e+01
0.4685	4.8887e+03	2.6519e+01
0.4695	4.8360e+03	2.6376e+01
0.4704	4.8667e+03	2.6459e+01
0.4714	4.8717e+03	2.6473e+01
0.4723	4.8594e+03	2.6440e+01
0.4733	4.8647e+03	2.6454e+01
0.4742	4.8746e+03	2.6481e+01
0.4752	4.8779e+03	2.6490e+01
0.4761	4.8177e+03	2.6327e+01
0.4771	4.8836e+03	2.6505e+01
0.4780	4.8090e+03	2.6303e+01
0.4790	4.7756e+03	2.6223e+01
0.4799	4.8453e+03	2.6402e+01
0.4809	4.8243e+03	2.6345e+01
0.4818	4.8010e+03	2.6281e+01
0.4828	4.8431e+03	2.6396e+01
0.4837	4.8624e+03	2.6448e+01
0.4847	4.8546e+03	2.6427e+01
0.4857	4.8610e+03	2.6444e+01
0.4866	4.8511e+03	2.6417e+01
0.4876	4.8369e+03	2.6379e+01
0.4885	4.8689e+03	2.6465e+01
0.4895	4.9044e+03	2.6561e+01
0.4904	4.8777e+03	2.6489e+01
0.4914	4.9083e+03	2.6571e+01
0.4923	4.9211e+03	2.6606e+01
0.4933	4.9759e+03	2.6752e+01
0.4942	5.0196e+03	2.6869e+01
0.4952	5.0266e+03	2.6888e+01
0.4961	5.2154e+03	2.7385e+01
0.4971	5.3116e+03	2.7639e+01
0.4980	5.2559e+03	2.7490e+01
0.4990	5.0233e+03	2.6879e+01
0.4999	4.9166e+03	2.6594e+01
0.5009	4.8439e+03	2.6398e+01
0.5018	4.8916e+03	2.6526e+01
0.5028	4.8167e+03	2.6324e+01
0.5037	4.8306e+03	2.6362e+01
0.5047	4.8227e+03	2.6340e+01
0.5056	4.7710e+03	2.6211e+01
0.5066	4.8211e+03	2.6336e+01
0.5075	4.8259e+03	2.6349e+01
0.5085	4.8787e+03	2.6492e+01
0.5094	4.8830e+03	2.6503e+01
0.5104	4.8556e+03	2.6429e+01
0.5113	4.8417e+03	2.6392e+01
0.5123	4.7884e+03	2.6247e+01
0.5132	4.8093e+03	2.6304e+01
0.5142	4.8176e+03	2.6326e+01
0.5151	4.7690e+03	2.6194e+01
0.5161	4.8073e+03	2.6299e+01
0.5171	4.7803e+03	2.6225e+01
0.5180	4.7650e+03	2.6183e+01
0.5190	4.8269e+03	2.6357e+01
0.5199	4.8683e+03	2.6464e+01
0.5209	4.8549e+03	2.6427e+01
0.5218	4.7506e+03	2.6144e+01
0.5228	4.8376e+03	2.6381e+01
0.5237	4.8401e+03	2.6388e+01
0.5247	4.8427e+03	2.6395e+01
0.5256	4.8126e+03	2.6313e+01
0.5266	4.7787e+03	2.6221e+01
0.5275	4.7709e+03	2.6199e+01
0.5285	4.7680e+03	2.6192e+01
0.5294	4.7826e+03	2.6231e+01
0.5304	4.8094e+03	2.6304e+01
0.5313	4.7879e+03	2.6246e+01
0.5323	4.8050e+03	2.6292e+01
0.5332	4.8210e+03	2.6336e+01
0.5342	4.7866e+03	2.6242e+01
0.5351	4.7780e+03	2.6219e+01
0.5361	4.7663e+03	2.6187e+01
0.5370	4.7950e+03	2.6265e+01
0.5380	4.7763e+03	2.6214e+01
0.5389	4.8094e+03	2.6304e+01
0.5399	4.7623e+03	2.6176e+01
0.5408	4.7920e+03	2.6257e+01
0.5418	4.7863e+03	2.6241e+01
0.5427	4.7833e+03	2.6233e+01
0.5437	4.7730e+03	2.6205e+01
0.5446	4.8061e+03	2.6295e+01
0.5456	4.7953e+03	2.6266e+01
0.5465	4.8031e+03	2.6287e+01
0.5475	4.7416e+03	2.6119e+01
0.5484	4.7953e+03	2.6266e+01
0.5494	4.7884e+03	2.6247e+01
0.5503	4.7634e+03	2.6179e+01
0.5513	4.7940e+03	2.6262e+01
0.5522	4.7526e+03	2.6149e+01
0.5532	4.7869e+03	2.6243e+01
0.5542	4.7780e+03	2.6219e+01
0.5551	4.7887e+03	2.6248e+01
0.5561	4.7739e+03	2.6208e+01
0.5570	4.7596e+03	2.6169e+01
0.5580	4.7264e+03	2.6078e+01
0.5589	4.7584e+03	2.6165e+01
0.5599	4.7737e+03	2.6207e+01
0.5608	4.7493e+03	2.6141e+01
0.5618	4.7616e+03	2.6174e+01
0.5627	4.7340e+03	2.6099e+01
0.5637	4.7314e+03	2.6092e+01
0.5646	4.7064e+03	2.6023e+01
0.5656	4.7547e+03	2.6155e+01
0.5665	4.8041e+03	2.6290e+01
0.5675	4.7456e+03	2.6158e+01
0.5684	4.7414e+03	2.6146e+01
0.5694	4.8073e+03	2.6299e+01
0.5703	4.7237e+03	2.6071e+01
0.5713	4.7366e+03	2.6106e+01
0.5722	4.7350e+03	2.6101e+01
0.5732	4.7667e+03	2.6188e+01
0.5741	4.6976e+03	2.5999e+01
0.5751	4.7256e+03	2.6076e+01
0.5760	4.7726e+03	2.6204e+01
0.5770	4.7723e+03	2.6203e+01
0.5779	4.7227e+03	2.6068e+01
0.5789	4.7223e+03	2.6067e+01
0.5798	4.7610e+03	2.6173e+01
0.5808	4.7450e+03	2.6129e+01
0.5817	4.7326e+03	2.6095e+01
0.5827	4.7139e+03	2.6044e+01
0.5836	4.7376e+03	2.6108e+01
0.5846	4.7417e+03	2.6120e+01
0.5855	4.7236e+03	2.6070e+01
0.5865	4.7680e+03	2.6192e+01
0.5874	4.7676e+03	2.6190e+01
0.5884	4.7767e+03	2.6215e+01
0.5893	4.6880e+03	2.5973e+01
0.5903	4.7803e+03	2.6225e+01
0.5912	4.6819e+03	2.5956e+01
0.5922	4.6901e+03	2.5978e+01
0.5931	4.7360e+03	2.6104e+01
0.5941	4.7013e+03	2.6009e+01
0.5950	4.7404e+03	2.6116e+01
0.5960	4.7354e+03	2.6103e+01
0.5969	4.6950e+03	2.5992e+01
0.5979	4.7146e+03	2.6045e+01
0.5989	4.6651e+03	2.5910e+01
0.5998	4.6734e+03	2.5932e+01
0.6008	4.7084e+03	2.6029e+01
0.6017	4.6959e+03	2.5994e+01
0.6027	4.7071e+03	2.6025e+01
0.6036	4.7084e+03	2.6029e+01
0.6046	4.7171e+03	2.6053e+01
0.6055	4.7293e+03	2.6086e+01
0.6065	4.6764e+03	2.5946e+01
0.6074	4.6897e+03	2.5977e+01
0.6084	4.7117e+03	2.6038e+01
0.6093	4.7121e+03	2.6039e+01
0.6103	4.6727e+03	2.5930e+01
0.6112	4.7533e+03	2.6151e+01
0.6122	4.6960e+03	2.5995e+01
0.6131	4.6286e+03	2.5809e+01
0.6141	4.6863e+03	2.5968e+01
0.6150	4.6747e+03	2.5936e+01
0.6160	4.6344e+03	2.5825e+01
0.6169	4.6524e+03	2.5875e+01
0.6179	4.6566e+03	2.5886e+01
0.6188	4.6656e+03	2.5911e+01
0.6198	4.6473e+03	2.5860e+01
0.6207	4.6681e+03	2.5918e+01
0.6217	4.6706e+03	2.5925e+01
0.6226	4.6071e+03	2.5760e+01
0.6236	4.6260e+03	2.5801e+01
0.6245	4.5546e+03	2.5603e+01
