1.0415	9.9000e+01	9.9499e+00
1.0405	8.0000e+01	8.9443e+00
1.0396	8.1000e+01	9.0000e+00
1.0386	7.8000e+01	8.8318e+00
1.0377	7.0000e+01	8.3666e+00
1.0367	9.5000e+01	9.7468e+00
1.0358	8.6000e+01	9.2736e+00
1.0348	1.0000e+02	1.0000e+01
1.0339	8.6000e+01	9.2736e+00
1.0329	8.5000e+01	9.2195e+00
1.0320	9.2000e+01	9.5917e+00
1.0310	1.0300e+02	1.0149e+01
1.0301	9.3000e+01	9.6437e+00
1.0291	9.1000e+01	9.5394e+00
1.0282	8.0000e+01	8.9443e+00
1.0273	8.2000e+01	9.0554e+00
1.0263	8.3000e+01	9.1104e+00
1.0254	1.0400e+02	1.0198e+01
1.0244	8.0000e+01	8.9443e+00
1.0235	8.0000e+01	8.9443e+00
1.0225	8.8000e+01	9.3808e+00
1.0216	9.3000e+01	9.6437e+00
1.0206	9.5000e+01	9.7468e+00
1.0197	1.0500e+02	1.0247e+01
1.0187	9.4000e+01	9.6954e+00
1.0178	8.2000e+01	9.0554e+00
1.0168	7.7000e+01	8.7750e+00
1.0159	1.0200e+02	1.0100e+01
1.0149	1.0700e+02	1.0344e+01
1.0140	7.5000e+01	8.6603e+00
1.0130	1.0000e+02	1.0000e+01
1.0121	1.1100e+02	1.0536e+01
1.0112	1.0000e+02	1.0000e+01
1.0102	8.5000e+01	9.2195e+00
1.0093	1.0400e+02	1.0198e+01
1.0083	8.3000e+01	9.1104e+00
1.0074	8.8000e+01	9.3808e+00
1.0064	7.7000e+01	8.7750e+00
1.0055	9.5000e+01	9.7468e+00
1.0045	9.6000e+01	9.7980e+00
1.0036	9.7000e+01	9.8489e+00
1.0026	8.4000e+01	9.1652e+00
1.0017	9.2000e+01	9.5917e+00
1.0007	8.1000e+01	9.0000e+00
0.9998	9.6000e+01	9.7980e+00
0.9988	9.4000e+01	9.6954e+00
0.9979	9.4000e+01	9.6954e+00
0.9969	8.9000e+01	9.4340e+00
0.9960	9.4000e+01	9.6954e+00
0.9951	1.0000e+02	1.0000e+01
0.9941	1.0000e+02	1.0000e+01
0.9932	1.0900e+02	1.0440e+01
0.9922	1.0100e+02	1.0050e+01
0.9913	9.8000e+01	9.8995e+00
0.9903	9.5000e+01	9.7468e+00
0.9894	9.9000e+01	9.9499e+00
0.9884	1.0900e+02	1.0440e+01
0.9875	1.0000e+02	1.0000e+01
0.9865	9.7000e+01	9.8489e+00
0.9856	8.4000e+01	9.1652e+00
0.9846	1.1500e+02	1.0724e+01
0.9837	1.0600e+02	1.0296e+01
0.9827	1.0000e+02	1.0000e+01
0.9818	1.1500e+02	1.0724e+01
0.9808	9.8000e+01	9.8995e+00
0.9799	9.8000e+01	9.8995e+00
0.9790	1.1400e+02	1.0677e+01
0.9780	1.2100e+02	1.1000e+01
0.9771	1.0500e+02	1.0247e+01
0.9761	9.9000e+01	9.9499e+00
0.9752	1.0400e+02	1.0198e+01
0.9742	9.3000e+01	9.6437e+00
0.9733	1.1700e+02	1.0817e+01
0.9723	8.8000e+01	9.3808e+00
0.9714	9.6000e+01	9.7980e+00
0.9704	9.5000e+01	9.7468e+00
0.9695	9.7000e+01	9.8489e+00
0.9685	1.1000e+02	1.0488e+01
0.9676	1.0500e+02	1.0247e+01
0.9666	1.1700e+02	1.0817e+01
0.9657	1.2200e+02	1.1045e+01
0.9647	1.1600e+02	1.0770e+01
0.9638	1.1600e+02	1.0770e+01
0.9628	1.0900e+02	1.0440e+01
0.9619	1.1300e+02	1.0630e+01
0.9609	1.0000e+02	1.0000e+01
0.9600	9.5000e+01	9.7468e+00
0.9591	1.2500e+02	1.1180e+01
0.9581	8.5000e+01	9.2195e+00
0.9572	1.0200e+02	1.0100e+01
0.9562	1.0500e+02	1.0247e+01
0.9553	9.6000e+01	9.7980e+00
0.9543	9.7000e+01	9.8489e+00
0.9534	9.6000e+01	9.7980e+00
0.9524	1.1200e+02	1.0583e+01
0.9515	1.0500e+02	1.0247e+01
0.9505	1.1100e+02	1.0536e+01
0.9496	1.1100e+02	1.0536e+01
0.9486	1.0600e+02	1.0296e+01
0.9477	1.1100e+02	1.0536e+01
0.9467	1.0400e+02	1.0198e+01
0.9458	1.0300e+02	1.0149e+01
0.9448	9.9000e+01	9.9499e+00
0.9439	1.0900e+02	1.0440e+01
0.9429	9.8000e+01	9.8995e+00
0.9420	1.0400e+02	1.0198e+01
0.9410	1.0300e+02	1.0149e+01
0.9401	1.0800e+02	1.0392e+01
0.9391	1.1100e+02	1.0536e+01
0.9382	1.2000e+02	1.0954e+01
0.9373	9.2000e+01	9.5917e+00
0.9363	1.0700e+02	1.0344e+01
0.9354	9.3000e+01	9.6437e+00
0.9344	9.3000e+01	9.6437e+00
0.9335	9.1000e+01	9.5394e+00
0.9325	1.0300e+02	1.0149e+01
0.9316	9.5000e+01	9.7468e+00
0.9306	1.1300e+02	1.0630e+01
0.9297	9.6000e+01	9.7980e+00
0.9287	9.8000e+01	9.8995e+00
0.9278	1.1100e+02	1.0536e+01
0.9268	9.6000e+01	9.7980e+00
0.9259	9.1000e+01	9.5394e+00
0.9249	9.8000e+01	9.8995e+00
0.9240	1.1500e+02	1.0724e+01
0.9230	9.4000e+01	9.6954e+00
0.9221	8.8000e+01	9.3808e+00
0.9211	1.2400e+02	1.1136e+01
0.9202	1.1300e+02	1.0630e+01
0.9192	1.0900e+02	1.0440e+01
0.9183	1.0600e+02	1.0296e+01
0.9173	1.2600e+02	1.1225e+01
0.9164	1.2000e+02	1.0954e+01
0.9155	9.2000e+01	9.5917e+00
0.9145	1.0500e+02	1.0247e+01
0.9136	1.2000e+02	1.0954e+01
0.9126	1.0400e+02	1.0198e+01
0.9117	1.0100e+02	1.0050e+01
0.9107	1.2500e+02	1.1180e+01
0.9098	9.6000e+01	9.7980e+00
0.9088	1.0200e+02	1.0198e+01
0.9079	1.0000e+02	1.0000e+01
0.9069	9.1000e+01	9.5394e+00
0.9060	1.1500e+02	1.0724e+01
0.9050	1.1800e+02	1.0863e+01
0.9041	8.6000e+01	9.2736e+00
0.9031	1.1100e+02	1.0536e+01
0.9022	1.2100e+02	1.1000e+01
0.9012	9.6000e+01	9.7980e+00
0.9003	1.0200e+02	1.0100e+01
0.8993	1.0700e+02	1.0344e+01
0.8984	1.0500e+02	1.0247e+01
0.8974	9.5000e+01	9.7468e+00
0.8965	1.1200e+02	1.0583e+01
0.8955	9.8000e+01	9.8995e+00
0.8946	1.1000e+02	1.0488e+01
0.8936	1.2700e+02	1.1269e+01
0.8927	1.0900e+02	1.0440e+01
0.8917	8.8000e+01	9.3808e+00
0.8908	1.0500e+02	1.0247e+01
0.8898	1.3300e+02	1.1533e+01
0.8889	1.0000e+02	1.0000e+01
0.8880	9.2000e+01	9.5917e+00
0.8870	1.1100e+02	1.0536e+01
0.8861	1.1500e+02	1.0724e+01
0.8851	1.0500e+02	1.0247e+01
0.8842	1.2100e+02	1.1000e+01
0.8832	9.5000e+01	9.7468e+00
0.8823	1.0300e+02	1.0149e+01
0.8813	1.2600e+02	1.1225e+01
0.8804	1.0700e+02	1.0344e+01
0.8794	1.1600e+02	1.0770e+01
0.8785	1.0600e+02	1.0296e+01
0.8775	1.0400e+02	1.0198e+01
0.8766	1.0300e+02	1.0247e+01
0.8756	1.0100e+02	1.0050e+01
0.8747	1.2300e+02	1.1091e+01
0.8737	1.0700e+02	1.0344e+01
0.8728	1.0900e+02	1.0440e+01
0.8718	1.0000e+02	1.0000e+01
0.8709	1.0400e+02	1.0198e+01
0.8699	9.5000e+01	9.7468e+00
0.8690	1.0200e+02	1.0198e+01
0.8680	1.0200e+02	1.0100e+01
0.8671	1.1400e+02	1.0677e+01
0.8661	9.9000e+01	9.9499e+00
0.8652	1.2000e+02	1.0954e+01
0.8642	1.1300e+02	1.0630e+01
0.8633	1.0300e+02	1.0149e+01
0.8623	1.1500e+02	1.0724e+01
0.8614	1.0800e+02	1.0392e+01
0.8604	9.4000e+01	9.6954e+00
0.8595	1.1100e+02	1.0536e+01
0.8585	1.0600e+02	1.0296e+01
0.8576	1.0600e+02	1.0296e+01
0.8566	-2.1000e+01	0.0000e+00
0.8557	-2.1000e+01	0.0000e+00
0.8548	-2.1000e+01	0.0000e+00
0.8538	-2.1000e+01	0.0000e+00
0.8529	-2.1000e+01	0.0000e+00
0.8519	-2.1000e+01	0.0000e+00
0.8510	-2.1000e+01	0.0000e+00
0.8500	-2.1000e+01	0.0000e+00
0.8491	-2.1000e+01	0.0000e+00
0.8481	-2.1000e+01	0.0000e+00
0.8472	-2.1000e+01	0.0000e+00
0.8462	-2.1000e+01	0.0000e+00
0.8453	-2.1000e+01	0.0000e+00
0.8443	-2.1000e+01	0.0000e+00
0.8434	-2.1000e+01	0.0000e+00
0.8424	-2.1000e+01	0.0000e+00
0.8415	-2.1000e+01	0.0000e+00
0.8405	1.1100e+02	1.0536e+01
0.8396	8.5000e+01	9.2195e+00
0.8386	1.1000e+02	1.0488e+01
0.8377	1.0800e+02	1.0392e+01
0.8367	1.2000e+02	1.0954e+01
0.8358	1.0500e+02	1.0247e+01
0.8348	1.1600e+02	1.0770e+01
0.8339	1.0500e+02	1.0247e+01
0.8329	9.1000e+01	9.5394e+00
0.8320	1.1200e+02	1.0583e+01
0.8310	1.0800e+02	1.0392e+01
0.8301	1.0000e+02	1.0000e+01
0.8291	1.2700e+02	1.1269e+01
0.8282	9.8000e+01	9.8995e+00
0.8272	1.1600e+02	1.0770e+01
0.8263	1.0600e+02	1.0296e+01
0.8253	1.2200e+02	1.1045e+01
0.8244	1.0300e+02	1.0149e+01
0.8234	8.5000e+01	9.2195e+00
0.8225	1.0200e+02	1.0100e+01
0.8215	1.1400e+02	1.0677e+01
0.8206	8.8000e+01	9.3808e+00
0.8196	9.9000e+01	9.9499e+00
0.8187	9.5000e+01	9.7468e+00
0.8177	9.3000e+01	9.6437e+00
0.8168	1.0700e+02	1.0344e+01
0.8158	1.0600e+02	1.0296e+01
0.8149	1.1100e+02	1.0536e+01
0.8139	1.1000e+02	1.0488e+01
0.8130	1.0000e+02	1.0000e+01
0.8120	9.5000e+01	9.7468e+00
0.8111	1.1400e+02	1.0677e+01
0.8102	8.7000e+01	9.3274e+00
0.8092	9.4000e+01	9.6954e+00
0.8083	1.0600e+02	1.0296e+01
0.8073	1.0100e+02	1.0050e+01
0.8064	1.0300e+02	1.0149e+01
0.8054	9.1000e+01	9.5394e+00
0.8045	1.1500e+02	1.0724e+01
0.8035	1.1400e+02	1.0677e+01
0.8026	8.8000e+01	9.3808e+00
0.8016	1.3000e+02	1.1402e+01
0.8007	9.1000e+01	9.5394e+00
0.7997	9.1000e+01	9.5394e+00
0.7988	1.0700e+02	1.0344e+01
0.7978	1.0500e+02	1.0247e+01
0.7969	1.1300e+02	1.0630e+01
0.7959	1.0500e+02	1.0247e+01
0.7950	1.1200e+02	1.0583e+01
0.7940	9.0000e+01	9.4868e+00
0.7931	1.1500e+02	1.0724e+01
0.7921	8.7000e+01	9.3274e+00
0.7912	9.8000e+01	9.8995e+00
0.7902	9.9000e+01	9.9499e+00
0.7893	1.0700e+02	1.0344e+01
0.7883	1.1600e+02	1.0770e+01
0.7874	1.0900e+02	1.0440e+01
0.7864	1.3000e+02	1.1402e+01
0.7855	1.0500e+02	1.0247e+01
0.7845	1.0400e+02	1.0198e+01
0.7836	1.2600e+02	1.1225e+01
0.7826	9.9000e+01	9.9499e+00
0.7817	1.1200e+02	1.0583e+01
0.7807	1.0800e+02	1.0392e+01
0.7798	1.0400e+02	1.0198e+01
0.7788	1.0900e+02	1.0440e+01
0.7779	9.3000e+01	9.6437e+00
0.7769	1.1400e+02	1.0677e+01
0.7760	9.0000e+01	9.4868e+00
0.7750	9.3000e+01	9.6437e+00
0.7741	1.2200e+02	1.1045e+01
0.7731	9.9000e+01	9.9499e+00
0.7722	9.0000e+01	9.4868e+00
0.7712	1.1700e+02	1.0817e+01
0.7703	1.0400e+02	1.0198e+01
0.7693	1.1100e+02	1.0536e+01
0.7684	1.0900e+02	1.0440e+01
0.7674	1.1300e+02	1.0630e+01
0.7665	1.0200e+02	1.0100e+01
0.7655	9.1000e+01	9.5394e+00
0.7646	1.1400e+02	1.0677e+01
0.7636	8.5000e+01	9.2195e+00
0.7627	8.3000e+01	9.1104e+00
0.7617	1.0200e+02	1.0100e+01
0.7608	1.0200e+02	1.0100e+01
0.7598	1.1500e+02	1.0724e+01
0.7589	1.0000e+02	1.0000e+01
0.7579	1.1300e+02	1.0630e+01
0.7570	1.0500e+02	1.0247e+01
0.7560	1.2600e+02	1.1225e+01
0.7551	1.0600e+02	1.0296e+01
0.7541	1.1300e+02	1.0630e+01
0.7532	1.2400e+02	1.1136e+01
0.7522	1.2200e+02	1.1045e+01
0.7513	9.8000e+01	9.8995e+00
0.7503	1.0400e+02	1.0198e+01
0.7494	1.0900e+02	1.0440e+01
0.7484	1.0900e+02	1.0440e+01
0.7475	1.1300e+02	1.0630e+01
0.7465	1.0300e+02	1.0149e+01
0.7456	1.0900e+02	1.0440e+01
0.7446	1.0300e+02	1.0149e+01
0.7437	1.0700e+02	1.0344e+01
0.7427	1.2700e+02	1.1269e+01
0.7418	1.0500e+02	1.0247e+01
0.7408	9.3000e+01	9.6437e+00
0.7399	8.6000e+01	9.2736e+00
0.7389	8.4000e+01	9.1652e+00
0.7380	9.6000e+01	9.7980e+00
0.7370	9.4000e+01	9.6954e+00
0.7361	1.0800e+02	1.0392e+01
0.7351	1.0300e+02	1.0149e+01
0.7342	9.4000e+01	9.6954e+00
0.7332	9.9000e+01	9.9499e+00
0.7323	1.1100e+02	1.0536e+01
0.7313	1.3200e+02	1.1489e+01
0.7304	1.0000e+02	1.0000e+01
0.7294	1.1500e+02	1.0724e+01
0.7285	9.9000e+01	9.9499e+00
0.7275	1.0100e+02	1.0050e+01
0.7266	1.1000e+02	1.0488e+01
0.7256	1.0300e+02	1.0149e+01
0.7247	1.1600e+02	1.0770e+01
0.7237	1.2200e+02	1.1045e+01
0.7228	9.8000e+01	9.8995e+00
0.7218	1.0600e+02	1.0296e+01
0.7209	8.5000e+01	9.2195e+00
0.7199	8.8000e+01	9.3808e+00
0.7190	1.2200e+02	1.1045e+01
0.7180	1.1200e+02	1.0583e+01
0.7171	1.2100e+02	1.1000e+01
0.7161	1.0100e+02	1.0050e+01
0.7152	1.0100e+02	1.0050e+01
0.7142	1.0900e+02	1.0440e+01
0.7133	1.0200e+02	1.0100e+01
0.7123	1.1800e+02	1.0863e+01
0.7114	1.2100e+02	1.1000e+01
0.7104	9.4000e+01	9.6954e+00
0.7095	9.7000e+01	9.8489e+00
0.7085	8.9000e+01	9.4340e+00
0.7076	1.0700e+02	1.0344e+01
0.7066	1.0200e+02	1.0100e+01
0.7057	9.8000e+01	9.8995e+00
0.7047	1.0400e+02	1.0198e+01
0.7038	1.0200e+02	1.0100e+01
0.7028	1.0400e+02	1.0198e+01
0.7019	1.2100e+02	1.1000e+01
0.7009	1.0700e+02	1.0344e+01
0.7000	8.8000e+01	9.3808e+00
0.6990	1.0900e+02	1.0440e+01
0.6981	1.0300e+02	1.0149e+01
0.6971	1.1200e+02	1.0583e+01
0.6962	9.2000e+01	9.5917e+00
0.6952	1.2900e+02	1.1358e+01
0.6943	1.0600e+02	1.0296e+01
0.6933	1.0400e+02	1.0198e+01
0.6924	1.1100e+02	1.0536e+01
0.6914	8.5000e+01	9.2195e+00
0.6905	8.8000e+01	9.3808e+00
0.6895	9.3000e+01	9.6437e+00
0.6886	1.0300e+02	1.0149e+01
0.6876	1.0500e+02	1.0247e+01
0.6867	1.0300e+02	1.0149e+01
0.6857	1.1400e+02	1.0677e+01
0.6848	1.1400e+02	1.0677e+01
0.6838	1.2900e+02	1.1358e+01
0.6829	9.7000e+01	9.8489e+00
0.6819	1.0600e+02	1.0296e+01
0.6810	1.0400e+02	1.0198e+01
0.6800	1.0700e+02	1.0344e+01
0.6791	9.3000e+01	9.6437e+00
0.6781	1.0600e+02	1.0296e+01
0.6772	1.0600e+02	1.0296e+01
0.6762	1.0800e+02	1.0392e+01
0.6753	1.1200e+02	1.0583e+01
0.6743	1.1400e+02	1.0677e+01
0.6734	1.2200e+02	1.1045e+01
0.6724	1.0000e+02	1.0000e+01
0.6715	7.2000e+01	8.4853e+00
0.6705	1.1000e+02	1.0488e+01
0.6696	9.3000e+01	9.6437e+00
0.6686	1.0100e+02	1.0050e+01
0.6677	9.6000e+01	9.7980e+00
0.6667	9.4000e+01	9.6954e+00
0.6658	1.2400e+02	1.1136e+01
0.6648	1.0400e+02	1.0198e+01
0.6639	1.1100e+02	1.0536e+01
0.6629	9.7000e+01	9.8489e+00
0.6620	9.9000e+01	9.9499e+00
0.6610	1.0900e+02	1.0440e+01
0.6601	9.5000e+01	9.7468e+00
0.6591	1.0000e+02	1.0000e+01
0.6582	1.0500e+02	1.0247e+01
0.6572	1.1900e+02	1.0909e+01
0.6563	1.0400e+02	1.0198e+01
0.6553	-2.1000e+01	0.0000e+00
0.6544	-2.1000e+01	0.0000e+00
0.6534	-2.1000e+01	0.0000e+00
0.6525	-2.1000e+01	0.0000e+00
0.6515	-2.1000e+01	0.0000e+00
0.6506	-2.1000e+01	0.0000e+00
0.6496	-2.1000e+01	0.0000e+00
0.6487	-2.1000e+01	0.0000e+00
0.6477	-2.1000e+01	0.0000e+00
0.6468	-2.1000e+01	0.0000e+00
0.6458	-2.1000e+01	0.0000e+00
0.6449	-2.1000e+01	0.0000e+00
0.6439	-2.1000e+01	0.0000e+00
0.6430	-2.1000e+01	0.0000e+00
0.6420	-2.1000e+01	0.0000e+00
0.6411	-2.1000e+01	0.0000e+00
0.6401	-2.1000e+01	0.0000e+00
0.6392	1.0700e+02	1.0344e+01
0.6382	1.0700e+02	1.0344e+01
0.6373	1.1700e+02	1.0817e+01
0.6363	1.0500e+02	1.0247e+01
0.6354	1.2200e+02	1.1045e+01
0.6344	1.0600e+02	1.0296e+01
0.6335	1.2000e+02	1.0954e+01
0.6325	9.3000e+01	9.6437e+00
0.6316	1.0200e+02	1.0100e+01
0.6306	1.0100e+02	1.0050e+01
0.6297	1.3400e+02	1.1576e+01
0.6287	9.7000e+01	9.8489e+00
0.6278	1.0800e+02	1.0392e+01
0.6268	1.0700e+02	1.0344e+01
0.6259	1.2000e+02	1.0954e+01
0.6249	1.1100e+02	1.0536e+01
0.6240	1.1400e+02	1.0677e+01
0.6230	1.0200e+02	1.0100e+01
0.6221	1.0700e+02	1.0344e+01
0.6211	1.1200e+02	1.0583e+01
0.6202	1.1000e+02	1.0488e+01
0.6192	1.2600e+02	1.1225e+01
0.6183	9.9000e+01	9.9499e+00
0.6173	1.0800e+02	1.0392e+01
0.6164	1.1600e+02	1.0770e+01
0.6154	1.0600e+02	1.0296e+01
0.6145	1.0100e+02	1.0050e+01
0.6135	1.0300e+02	1.0149e+01
0.6126	9.7000e+01	9.8489e+00
0.6116	1.0600e+02	1.0296e+01
0.6107	9.0000e+01	9.4868e+00
0.6097	1.1700e+02	1.0817e+01
0.6088	1.0200e+02	1.0100e+01
0.6078	1.0400e+02	1.0198e+01
0.6069	1.0700e+02	1.0344e+01
0.6059	9.8000e+01	9.8995e+00
0.6049	1.0100e+02	1.0050e+01
0.6040	1.1500e+02	1.0724e+01
0.6030	8.9000e+01	9.4340e+00
0.6021	1.0200e+02	1.0100e+01
0.6011	1.1000e+02	1.0488e+01
0.6002	1.0300e+02	1.0149e+01
0.5992	9.2000e+01	9.5917e+00
0.5983	9.7000e+01	9.8489e+00
0.5973	1.0500e+02	1.0247e+01
0.5964	9.5000e+01	9.7468e+00
0.5954	1.1700e+02	1.0817e+01
0.5945	1.0400e+02	1.0198e+01
0.5935	8.8000e+01	9.3808e+00
0.5926	1.2100e+02	1.1000e+01
0.5916	1.2500e+02	1.1180e+01
0.5907	1.0200e+02	1.0100e+01
0.5897	9.9000e+01	9.9499e+00
0.5888	9.1000e+01	9.5394e+00
0.5878	1.0400e+02	1.0198e+01
0.5869	1.0500e+02	1.0247e+01
0.5859	1.0100e+02	1.0050e+01
0.5850	1.0800e+02	1.0392e+01
0.5840	9.0000e+01	9.4868e+00
0.5831	1.0200e+02	1.0100e+01
0.5821	9.6000e+01	9.7980e+00
0.5812	9.8000e+01	9.8995e+00
0.5802	8.3000e+01	9.1104e+00
0.5793	9.8000e+01	9.8995e+00
0.5783	8.3000e+01	9.1104e+00
0.5774	1.0100e+02	1.0050e+01
0.5764	9.7000e+01	9.8489e+00
0.5755	9.9000e+01	9.9499e+00
0.5745	1.1000e+02	1.0488e+01
0.5736	1.0800e+02	1.0392e+01
0.5726	1.1000e+02	1.0488e+01
0.5717	9.7000e+01	9.8489e+00
0.5707	8.4000e+01	9.1652e+00
0.5698	1.1800e+02	1.0863e+01
0.5688	9.7000e+01	9.8489e+00
0.5679	1.0700e+02	1.0344e+01
0.5669	1.1100e+02	1.0536e+01
0.5660	1.0600e+02	1.0296e+01
0.5650	1.0000e+02	1.0000e+01
0.5641	9.6000e+01	9.7980e+00
0.5631	1.0000e+02	1.0000e+01
0.5622	1.1900e+02	1.0909e+01
0.5612	1.1200e+02	1.0583e+01
0.5603	1.0700e+02	1.0344e+01
0.5593	1.0700e+02	1.0344e+01
0.5584	1.0800e+02	1.0392e+01
0.5574	9.3000e+01	9.6437e+00
0.5565	9.3000e+01	9.6437e+00
0.5555	1.2200e+02	1.1045e+01
0.5545	1.2100e+02	1.1000e+01
0.5536	1.0500e+02	1.0247e+01
0.5526	1.0700e+02	1.0344e+01
0.5517	1.0400e+02	1.0198e+01
0.5507	9.3000e+01	9.6437e+00
0.5498	1.0300e+02	1.0149e+01
0.5488	1.1000e+02	1.0488e+01
0.5479	1.0200e+02	1.0100e+01
0.5469	1.0300e+02	1.0149e+01
0.5460	1.1100e+02	1.0536e+01
0.5450	1.2100e+02	1.1000e+01
0.5441	9.4000e+01	9.6954e+00
0.5431	1.0700e+02	1.0344e+01
0.5422	1.0800e+02	1.0392e+01
0.5412	1.0700e+02	1.0344e+01
0.5403	1.0500e+02	1.0247e+01
0.5393	1.0900e+02	1.0440e+01
0.5384	1.0500e+02	1.0247e+01
0.5374	8.8000e+01	9.3808e+00
0.5365	1.1200e+02	1.0583e+01
0.5355	7.8000e+01	8.8318e+00
0.5346	1.1800e+02	1.0863e+01
0.5336	1.2200e+02	1.1045e+01
0.5327	1.2100e+02	1.1000e+01
0.5317	1.0300e+02	1.0149e+01
0.5308	9.8000e+01	9.8995e+00
0.5298	1.1000e+02	1.0488e+01
0.5289	9.7000e+01	9.8489e+00
0.5279	1.1000e+02	1.0488e+01
0.5270	1.1200e+02	1.0583e+01
0.5260	1.0800e+02	1.0392e+01
0.5251	1.0500e+02	1.0247e+01
0.5241	8.4000e+01	9.1652e+00
0.5232	1.1300e+02	1.0630e+01
0.5222	9.9000e+01	9.9499e+00
0.5213	8.4000e+01	9.1652e+00
0.5203	1.0300e+02	1.0149e+01
0.5194	1.1100e+02	1.0536e+01
0.5184	1.0800e+02	1.0392e+01
0.5175	1.0400e+02	1.0198e+01
0.5165	1.1000e+02	1.0488e+01
0.5155	1.0400e+02	1.0198e+01
0.5146	1.2800e+02	1.1314e+01
0.5136	1.1200e+02	1.0583e+01
0.5127	1.0100e+02	1.0050e+01
0.5117	1.0200e+02	1.0100e+01
0.5108	1.0900e+02	1.0440e+01
0.5098	9.7000e+01	9.8489e+00
0.5089	1.1300e+02	1.0630e+01
0.5079	1.1100e+02	1.0536e+01
0.5070	1.0200e+02	1.0100e+01
0.5060	1.1000e+02	1.0488e+01
0.5051	1.1300e+02	1.0630e+01
0.5041	8.6000e+01	9.2736e+00
0.5032	1.1100e+02	1.0536e+01
0.5022	9.2000e+01	9.5917e+00
0.5013	1.0000e+02	1.0000e+01
0.5003	1.0100e+02	1.0050e+01
0.4994	1.0000e+02	1.0000e+01
0.4984	1.1700e+02	1.0817e+01
0.4975	1.0400e+02	1.0198e+01
0.4965	1.1800e+02	1.0863e+01
0.4956	1.0400e+02	1.0198e+01
0.4946	1.1300e+02	1.0630e+01
0.4937	1.0600e+02	1.0296e+01
0.4927	1.1000e+02	1.0488e+01
0.4918	1.0800e+02	1.0392e+01
0.4908	9.7000e+01	9.8489e+00
0.4899	8.8000e+01	9.3808e+00
0.4889	1.2100e+02	1.1000e+01
0.4880	9.3000e+01	9.6437e+00
0.4870	1.0400e+02	1.0198e+01
0.4861	1.0200e+02	1.0100e+01
0.4851	9.3000e+01	9.6437e+00
0.4842	1.0100e+02	1.0050e+01
0.4832	9.4000e+01	9.6954e+00
0.4822	1.0500e+02	1.0247e+01
0.4813	1.1000e+02	1.0488e+01
0.4803	9.4000e+01	9.6954e+00
0.4794	1.0800e+02	1.0392e+01
0.4784	1.1200e+02	1.0583e+01
0.4775	1.1300e+02	1.0630e+01
0.4765	9.4000e+01	9.6954e+00
0.4756	1.0500e+02	1.0247e+01
0.4746	1.0600e+02	1.0296e+01
0.4737	9.6000e+01	9.7980e+00
0.4727	9.3000e+01	9.6437e+00
0.4718	9.5000e+01	9.7468e+00
0.4708	1.0400e+02	1.0198e+01
0.4699	1.0300e+02	1.0149e+01
0.4689	1.1500e+02	1.0724e+01
0.4680	1.0500e+02	1.0247e+01
0.4670	1.1700e+02	1.0817e+01
0.4661	1.0000e+02	1.0000e+01
0.4651	1.1300e+02	1.0630e+01
0.4642	1.1500e+02	1.0724e+01
0.4632	1.2100e+02	1.1000e+01
0.4623	1.0000e+02	1.0000e+01
0.4613	1.0400e+02	1.0198e+01
0.4604	1.0100e+02	1.0050e+01
0.4594	1.2600e+02	1.1225e+01
0.4585	1.1800e+02	1.0863e+01
0.4575	9.9000e+01	9.9499e+00
0.4566	1.0900e+02	1.0440e+01
0.4556	1.0700e+02	1.0344e+01
0.4547	1.0900e+02	1.0440e+01
0.4537	-2.1000e+01	0.0000e+00
0.4527	-2.1000e+01	0.0000e+00
0.4518	-2.1000e+01	0.0000e+00
0.4508	-2.1000e+01	0.0000e+00
0.4499	-2.1000e+01	0.0000e+00
0.4489	-2.1000e+01	0.0000e+00
0.4480	-2.1000e+01	0.0000e+00
0.4470	-2.1000e+01	0.0000e+00
0.4461	-2.1000e+01	0.0000e+00
0.4451	-2.1000e+01	0.0000e+00
0.4442	-2.1000e+01	0.0000e+00
0.4432	-2.1000e+01	0.0000e+00
0.4423	-2.1000e+01	0.0000e+00
0.4413	-2.1000e+01	0.0000e+00
0.4404	-2.1000e+01	0.0000e+00
0.4394	-2.1000e+01	0.0000e+00
0.4385	-2.1000e+01	0.0000e+00
0.4375	9.9000e+01	9.9499e+00
0.4366	1.0400e+02	1.0198e+01
0.4356	9.4000e+01	9.6954e+00
0.4347	1.0100e+02	1.0050e+01
0.4337	1.1200e+02	1.0583e+01
0.4328	1.2400e+02	1.1136e+01
0.4318	1.0600e+02	1.0296e+01
0.4309	9.5000e+01	9.7468e+00
0.4299	9.7000e+01	9.8489e+00
0.4290	9.7000e+01	9.8489e+00
0.4280	9.9000e+01	9.9499e+00
0.4271	1.1300e+02	1.0630e+01
0.4261	1.1800e+02	1.0863e+01
0.4251	1.1700e+02	1.0817e+01
0.4242	1.1200e+02	1.0583e+01
0.4232	1.2300e+02	1.1091e+01
0.4223	7.6000e+01	8.7178e+00
0.4213	1.0100e+02	1.0050e+01
0.4204	9.3000e+01	9.6437e+00
0.4194	9.4000e+01	9.6954e+00
0.4185	1.1200e+02	1.0583e+01
0.4175	1.0100e+02	1.0050e+01
0.4166	1.0200e+02	1.0100e+01
0.4156	9.3000e+01	9.6437e+00
0.4147	9.9000e+01	9.9499e+00
0.4137	1.0800e+02	1.0392e+01
0.4128	9.9000e+01	9.9499e+00
0.4118	9.3000e+01	9.6437e+00
0.4109	1.0500e+02	1.0247e+01
0.4099	1.0200e+02	1.0100e+01
0.4090	1.0700e+02	1.0344e+01
0.4080	9.5000e+01	9.7468e+00
0.4071	1.1500e+02	1.0724e+01
0.4061	1.0700e+02	1.0344e+01
0.4052	1.0200e+02	1.0100e+01
0.4042	9.9000e+01	9.9499e+00
0.4033	1.0500e+02	1.0247e+01
0.4023	1.0800e+02	1.0392e+01
0.4014	1.0500e+02	1.0247e+01
0.4004	1.0900e+02	1.0440e+01
0.3994	1.0200e+02	1.0100e+01
0.3985	1.3400e+02	1.1576e+01
0.3975	1.1900e+02	1.0909e+01
0.3966	1.0300e+02	1.0149e+01
0.3956	9.9000e+01	9.9499e+00
0.3947	9.6000e+01	9.7980e+00
0.3937	9.0000e+01	9.4868e+00
0.3928	9.5000e+01	9.7468e+00
0.3918	1.1800e+02	1.0863e+01
0.3909	1.0500e+02	1.0247e+01
0.3899	1.1300e+02	1.0630e+01
0.3890	9.5000e+01	9.7468e+00
0.3880	1.0500e+02	1.0247e+01
0.3871	1.1400e+02	1.0677e+01
0.3861	8.4000e+01	9.1652e+00
0.3852	1.0300e+02	1.0149e+01
0.3842	1.1900e+02	1.0909e+01
0.3833	1.2100e+02	1.1000e+01
0.3823	1.1700e+02	1.0817e+01
0.3814	1.0100e+02	1.0050e+01
0.3804	1.1500e+02	1.0724e+01
0.3795	1.0700e+02	1.0344e+01
0.3785	1.1800e+02	1.0863e+01
0.3776	1.1600e+02	1.0770e+01
0.3766	9.8000e+01	9.8995e+00
0.3756	1.0300e+02	1.0149e+01
0.3747	1.0500e+02	1.0247e+01
0.3737	1.2400e+02	1.1136e+01
0.3728	1.0700e+02	1.0344e+01
0.3718	1.1300e+02	1.0630e+01
0.3709	1.2100e+02	1.1000e+01
0.3699	1.2200e+02	1.1045e+01
0.3690	9.6000e+01	9.7980e+00
0.3680	1.1000e+02	1.0488e+01
0.3671	1.0400e+02	1.0198e+01
0.3661	1.0800e+02	1.0392e+01
0.3652	1.0000e+02	1.0000e+01
0.3642	1.1100e+02	1.0536e+01
0.3633	9.6000e+01	9.7980e+00
0.3623	1.0900e+02	1.0440e+01
0.3614	9.3000e+01	9.6437e+00
0.3604	1.2100e+02	1.1000e+01
0.3595	9.2000e+01	9.5917e+00
0.3585	1.2200e+02	1.1045e+01
0.3576	9.0000e+01	9.4868e+00
0.3566	1.0300e+02	1.0149e+01
0.3557	1.0500e+02	1.0247e+01
0.3547	1.0400e+02	1.0198e+01
0.3538	9.7000e+01	9.8489e+00
0.3528	1.1900e+02	1.0909e+01
0.3518	1.0100e+02	1.0050e+01
0.3509	1.1300e+02	1.0630e+01
0.3499	1.0500e+02	1.0247e+01
0.3490	1.1600e+02	1.0770e+01
0.3480	1.1500e+02	1.0724e+01
0.3471	1.1000e+02	1.0488e+01
0.3461	1.1100e+02	1.0536e+01
0.3452	1.0700e+02	1.0344e+01
0.3442	9.3000e+01	9.6437e+00
0.3433	1.1000e+02	1.0488e+01
0.3423	1.1700e+02	1.0817e+01
0.3414	1.0400e+02	1.0198e+01
0.3404	1.1700e+02	1.0817e+01
0.3395	1.0100e+02	1.0050e+01
0.3385	1.2300e+02	1.1091e+01
0.3376	9.5000e+01	9.7468e+00
0.3366	9.5000e+01	9.7468e+00
0.3357	1.1000e+02	1.0488e+01
0.3347	9.3000e+01	9.6437e+00
0.3338	1.0100e+02	1.0050e+01
0.3328	9.6000e+01	9.7980e+00
0.3319	1.0500e+02	1.0247e+01
0.3309	1.0300e+02	1.0149e+01
0.3299	1.1300e+02	1.0630e+01
0.3290	9.4000e+01	9.6954e+00
0.3280	1.1400e+02	1.0677e+01
0.3271	1.1400e+02	1.0677e+01
0.3261	9.9000e+01	9.9499e+00
0.3252	1.0500e+02	1.0247e+01
0.3242	1.0200e+02	1.0100e+01
0.3233	1.0300e+02	1.0149e+01
0.3223	9.9000e+01	9.9499e+00
0.3214	9.6000e+01	9.7980e+00
0.3204	9.9000e+01	9.9499e+00
0.3195	1.0200e+02	1.0100e+01
0.3185	1.2500e+02	1.1180e+01
0.3176	1.2900e+02	1.1358e+01
0.3166	9.8000e+01	9.8995e+00
0.3157	1.2400e+02	1.1136e+01
0.3147	1.1600e+02	1.0770e+01
0.3138	1.0700e+02	1.0344e+01
0.3128	1.0600e+02	1.0296e+01
0.3119	1.1500e+02	1.0724e+01
0.3109	1.1900e+02	1.0909e+01
0.3100	9.5000e+01	9.7468e+00
0.3090	1.0400e+02	1.0198e+01
0.3080	1.0400e+02	1.0198e+01
0.3071	1.2400e+02	1.1136e+01
0.3061	1.0300e+02	1.0149e+01
0.3052	1.2400e+02	1.1136e+01
0.3042	1.0000e+02	1.0000e+01
0.3033	1.0700e+02	1.0344e+01
0.3023	1.1700e+02	1.0817e+01
0.3014	8.4000e+01	9.1652e+00
0.3004	1.0800e+02	1.0392e+01
0.2995	1.1800e+02	1.0863e+01
0.2985	9.1000e+01	9.5394e+00
0.2976	1.1700e+02	1.0817e+01
0.2966	1.0000e+02	1.0000e+01
0.2957	1.1300e+02	1.0630e+01
0.2947	1.1900e+02	1.0909e+01
0.2938	9.7000e+01	9.8489e+00
0.2928	1.2400e+02	1.1136e+01
0.2919	1.0300e+02	1.0149e+01
0.2909	1.0000e+02	1.0000e+01
0.2900	1.0000e+02	1.0000e+01
0.2890	1.0500e+02	1.0247e+01
0.2880	9.8000e+01	9.8995e+00
0.2871	9.4000e+01	9.6954e+00
0.2861	1.1400e+02	1.0677e+01
0.2852	1.2100e+02	1.1000e+01
0.2842	8.6000e+01	9.2736e+00
0.2833	1.0600e+02	1.0296e+01
0.2823	1.0100e+02	1.0050e+01
0.2814	1.0900e+02	1.0440e+01
0.2804	1.2200e+02	1.1045e+01
0.2795	1.1200e+02	1.0583e+01
0.2785	1.0500e+02	1.0247e+01
0.2776	1.1500e+02	1.0724e+01
0.2766	9.5000e+01	9.7468e+00
0.2757	9.7000e+01	9.8489e+00
0.2747	1.1100e+02	1.0536e+01
0.2738	1.0500e+02	1.0247e+01
0.2728	1.0300e+02	1.0149e+01
0.2719	1.0800e+02	1.0392e+01
0.2709	1.3100e+02	1.1446e+01
0.2700	1.0900e+02	1.0440e+01
0.2690	1.1900e+02	1.0909e+01
0.2681	1.2000e+02	1.0954e+01
0.2671	9.3000e+01	9.6437e+00
0.2661	1.2400e+02	1.1136e+01
0.2652	1.2800e+02	1.1314e+01
0.2642	1.1900e+02	1.0909e+01
0.2633	1.0900e+02	1.0440e+01
0.2623	1.0600e+02	1.0296e+01
0.2614	9.6000e+01	9.7980e+00
0.2604	1.2100e+02	1.1000e+01
0.2595	1.1200e+02	1.0583e+01
0.2585	1.2100e+02	1.1000e+01
0.2576	1.0700e+02	1.0344e+01
0.2566	1.0500e+02	1.0247e+01
0.2557	1.1200e+02	1.0583e+01
0.2547	1.2900e+02	1.1358e+01
0.2538	1.1400e+02	1.0677e+01
0.2528	9.2000e+01	9.5917e+00
0.2519	-2.1000e+01	0.0000e+00
0.2509	-2.1000e+01	0.0000e+00
0.2500	-2.1000e+01	0.0000e+00
0.2490	-2.1000e+01	0.0000e+00
0.2481	-2.1000e+01	0.0000e+00
0.2471	-2.1000e+01	0.0000e+00
0.2461	-2.1000e+01	0.0000e+00
0.2452	-2.1000e+01	0.0000e+00
0.2442	-2.1000e+01	0.0000e+00
0.2433	-2.1000e+01	0.0000e+00
0.2423	-2.1000e+01	0.0000e+00
0.2414	-2.1000e+01	0.0000e+00
0.2404	-2.1000e+01	0.0000e+00
0.2395	-2.1000e+01	0.0000e+00
0.2385	-2.1000e+01	0.0000e+00
0.2376	-2.1000e+01	0.0000e+00
0.2366	-2.1000e+01	0.0000e+00
0.2357	1.1500e+02	1.0724e+01
0.2347	1.0800e+02	1.0392e+01
0.2338	9.8000e+01	9.8995e+00
0.2328	9.5000e+01	9.7468e+00
0.2319	9.5000e+01	9.7468e+00
0.2309	1.1000e+02	1.0488e+01
0.2300	1.1900e+02	1.0909e+01
0.2290	9.9000e+01	9.9499e+00
0.2281	9.7000e+01	9.8489e+00
0.2271	1.0100e+02	1.0050e+01
0.2261	1.1000e+02	1.0488e+01
0.2252	1.1700e+02	1.0817e+01
0.2242	1.1700e+02	1.0817e+01
0.2233	1.0200e+02	1.0100e+01
0.2223	1.2100e+02	1.1000e+01
0.2214	1.0600e+02	1.0296e+01
0.2204	1.1600e+02	1.0770e+01
0.2195	1.1500e+02	1.0724e+01
0.2185	1.2000e+02	1.0954e+01
0.2176	1.0400e+02	1.0198e+01
0.2166	9.5000e+01	9.7468e+00
0.2157	1.0400e+02	1.0198e+01
0.2147	1.1300e+02	1.0630e+01
0.2138	1.1000e+02	1.0488e+01
0.2128	1.1600e+02	1.0770e+01
0.2119	1.1700e+02	1.0817e+01
0.2109	1.1000e+02	1.0488e+01
0.2100	1.2000e+02	1.0954e+01
0.2090	1.0100e+02	1.0050e+01
0.2080	1.0900e+02	1.0440e+01
0.2071	1.0800e+02	1.0392e+01
0.2061	1.2800e+02	1.1314e+01
0.2052	1.1900e+02	1.0909e+01
0.2042	1.1400e+02	1.0677e+01
0.2033	1.1400e+02	1.0677e+01
0.2023	9.6000e+01	9.7980e+00
0.2014	1.3900e+02	1.1790e+01
0.2004	1.0600e+02	1.0296e+01
0.1995	1.0600e+02	1.0296e+01
0.1985	1.1800e+02	1.0863e+01
0.1976	9.9000e+01	9.9499e+00
0.1966	1.0000e+02	1.0000e+01
0.1957	1.1000e+02	1.0488e+01
0.1947	1.1500e+02	1.0724e+01
0.1938	1.2400e+02	1.1136e+01
0.1928	1.2600e+02	1.1225e+01
0.1919	1.1900e+02	1.0909e+01
0.1909	1.0900e+02	1.0440e+01
0.1900	1.1700e+02	1.0817e+01
0.1890	1.1500e+02	1.0724e+01
0.1880	1.1000e+02	1.0488e+01
0.1871	1.2900e+02	1.1358e+01
0.1861	1.2300e+02	1.1091e+01
0.1852	1.0100e+02	1.0050e+01
0.1842	9.8000e+01	9.8995e+00
0.1833	9.9000e+01	9.9499e+00
0.1823	1.1500e+02	1.0724e+01
0.1814	9.0000e+01	9.4868e+00
0.1804	1.0900e+02	1.0440e+01
0.1795	1.0000e+02	1.0000e+01
0.1785	1.2400e+02	1.1136e+01
0.1776	1.1300e+02	1.0630e+01
0.1766	1.1500e+02	1.0724e+01
0.1757	1.2100e+02	1.1000e+01
0.1747	1.2500e+02	1.1180e+01
0.1738	1.2100e+02	1.1000e+01
0.1728	1.3200e+02	1.1489e+01
0.1719	1.0800e+02	1.0392e+01
0.1709	1.0900e+02	1.0440e+01
0.1699	1.1700e+02	1.0817e+01
0.1690	1.0900e+02	1.0440e+01
0.1680	1.2800e+02	1.1314e+01
0.1671	1.0800e+02	1.0392e+01
0.1661	1.0400e+02	1.0198e+01
0.1652	1.3600e+02	1.1662e+01
0.1642	1.2600e+02	1.1225e+01
0.1633	1.0600e+02	1.0296e+01
0.1623	1.4300e+02	1.1958e+01
0.1614	1.1500e+02	1.0724e+01
0.1604	1.3600e+02	1.1662e+01
0.1595	1.3200e+02	1.1489e+01
0.1585	1.0800e+02	1.0392e+01
0.1576	9.9000e+01	9.9499e+00
0.1566	1.4600e+02	1.2083e+01
0.1557	1.1000e+02	1.0488e+01
0.1547	1.3900e+02	1.1790e+01
0.1538	1.0900e+02	1.0440e+01
0.1528	1.2900e+02	1.1358e+01
0.1518	1.3200e+02	1.1489e+01
0.1509	1.3800e+02	1.1747e+01
0.1499	1.1500e+02	1.0724e+01
0.1490	1.2600e+02	1.1225e+01
0.1480	1.5900e+02	1.2610e+01
0.1471	1.6000e+02	1.2649e+01
0.1461	1.2200e+02	1.1045e+01
0.1452	1.3200e+02	1.1489e+01
0.1442	1.5300e+02	1.2369e+01
0.1433	1.4500e+02	1.2042e+01
0.1423	1.4300e+02	1.1958e+01
0.1414	1.3700e+02	1.1705e+01
0.1404	1.5300e+02	1.2369e+01
0.1395	1.5700e+02	1.2530e+01
0.1385	1.4400e+02	1.2000e+01
0.1376	1.7300e+02	1.3153e+01
0.1366	1.7100e+02	1.3077e+01
0.1357	1.8600e+02	1.3638e+01
0.1347	2.1200e+02	1.4560e+01
0.1337	1.7700e+02	1.3304e+01
0.1328	2.0900e+02	1.4457e+01
0.1318	1.9800e+02	1.4071e+01
0.1309	2.0000e+02	1.4142e+01
0.1299	2.0800e+02	1.4422e+01
0.1290	2.3500e+02	1.5330e+01
0.1280	2.5000e+02	1.5811e+01
0.1271	2.5400e+02	1.5937e+01
0.1261	2.6800e+02	1.6371e+01
0.1252	2.4900e+02	1.5780e+01
0.1242	2.9500e+02	1.7176e+01
0.1233	3.6500e+02	1.9105e+01
0.1223	3.2100e+02	1.7916e+01
0.1214	3.5000e+02	1.8708e+01
0.1204	3.3800e+02	1.8385e+01
0.1195	3.5000e+02	1.8708e+01
0.1185	4.1500e+02	2.0372e+01
0.1176	3.8900e+02	1.9723e+01
0.1166	3.9400e+02	1.9849e+01
0.1157	3.8300e+02	1.9570e+01
0.1147	4.1400e+02	2.0347e+01
0.1137	4.1600e+02	2.0396e+01
0.1128	4.0600e+02	2.0149e+01
0.1118	3.8900e+02	1.9723e+01
0.1109	4.1500e+02	2.0372e+01
0.1099	4.5900e+02	2.1424e+01
0.1090	4.9100e+02	2.2159e+01
0.1080	4.4300e+02	2.1048e+01
0.1071	4.9600e+02	2.2271e+01
0.1061	4.3800e+02	2.0928e+01
0.1052	5.6400e+02	2.3749e+01
0.1042	5.1500e+02	2.2694e+01
0.1033	5.5600e+02	2.3580e+01
0.1023	5.5600e+02	2.3580e+01
0.1014	6.0000e+02	2.4495e+01
0.1004	6.6000e+02	2.5690e+01
0.0995	6.3200e+02	2.5140e+01
0.0985	7.6400e+02	2.7641e+01
0.0976	7.3900e+02	2.7185e+01
0.0966	8.5500e+02	2.9240e+01
0.0956	8.9500e+02	2.9917e+01
0.0947	9.9500e+02	3.1544e+01
0.0937	1.1690e+03	3.4191e+01
0.0928	1.1580e+03	3.4029e+01
0.0918	1.2910e+03	3.5930e+01
0.0909	1.4610e+03	3.8223e+01
0.0899	1.6570e+03	4.0706e+01
0.0890	1.8590e+03	4.3116e+01
0.0880	2.2640e+03	4.7582e+01
0.0871	2.7130e+03	5.2086e+01
0.0861	2.8890e+03	5.3749e+01
0.0852	3.2540e+03	5.7044e+01
0.0842	3.6690e+03	6.0572e+01
0.0833	4.3830e+03	6.6204e+01
0.0823	4.8960e+03	6.9971e+01
0.0814	5.2630e+03	7.2547e+01
0.0804	5.8070e+03	7.6204e+01
0.0795	6.4470e+03	8.0293e+01
0.0785	6.8390e+03	8.2698e+01
0.0775	7.0950e+03	8.4232e+01
0.0766	6.7390e+03	8.2091e+01
0.0756	6.6940e+03	8.1817e+01
0.0747	6.5130e+03	8.0703e+01
0.0737	6.3180e+03	7.9486e+01
0.0728	5.5520e+03	7.4512e+01
0.0718	5.1500e+03	7.1764e+01
0.0709	4.5100e+03	6.7157e+01
0.0699	3.8360e+03	6.1935e+01
0.0690	3.1920e+03	5.6498e+01
0.0680	2.5590e+03	5.0587e+01
0.0671	1.9450e+03	4.4102e+01
0.0661	1.3620e+03	3.6905e+01
0.0652	9.0800e+02	3.0133e+01
0.0642	6.3600e+02	2.5219e+01
0.0633	3.7400e+02	1.9339e+01
0.0623	2.1900e+02	1.4799e+01
0.0614	1.5000e+02	1.2247e+01
0.0604	1.6200e+02	1.2728e+01
0.0594	1.7800e+02	1.3342e+01
0.0585	1.2600e+02	1.1314e+01
0.0575	1.6300e+02	1.2767e+01
0.0566	1.7500e+02	1.3229e+01
0.0556	1.7300e+02	1.3153e+01
0.0547	2.1400e+02	1.4629e+01
0.0537	1.8900e+02	1.3748e+01
0.0528	2.1700e+02	1.4731e+01
0.0518	2.3100e+02	1.5199e+01
0.0509	2.2300e+02	1.4933e+01
